2025 Feb 01 00:00  25  29  16  -20  13  4  264  16  0  2  184  261  -80
2025 Jan 31 23:00  25  29  14  -23  11  4  248  22  0  2  182  259  -81
2025 Jan 31 22:00  24  29  14  -21  13  4  226  13  0  2  178  259  -84
2025 Jan 31 21:00  24  29  14  -15  17  6  218  16  0  2  174  260  -90
2025 Jan 31 20:00  24  29  14  -15  17  7  228  17  0  1  178  263  -88
2025 Jan 31 19:00  25  29  14  -12  19  5  235  14  0  2  172  261  -93
2025 Jan 31 18:00  27  29  14  -8  21  3  238  10  7  8  186  265  -80
2025 Jan 31 17:00  29  29  14  -5  22  6  249  15  107  38  182  272  -21
2025 Jan 31 16:00  29  29  14  -4  24  9  244  17  259  58  180  273  109
2025 Jan 31 15:00  29  29  14  -4  24  7  245  13  463  85  182  272  289
2025 Jan 31 14:00  27  27  14  -5  24  7  246  12  625  108  180  268  429
2025 Jan 31 13:00  26  26  14  -11  19  6  241  10  673  110  178  263  478
2025 Jan 31 12:00  25  25  14  -14  18  5  235  9  652  91  174  256  479
2025 Jan 31 11:00  23  23  14  -15  18  4  226  6  560  64  171  248  418
2025 Jan 31 10:00  20  20  14  -15  20  3  200  6  280  52  178  243  163
2025 Jan 31 09:00  18  20  14  -17  20  2  188  4  26  33  191  243  -59
2025 Jan 31 08:00  19  20  14  -18  18  3  249  10  8  11  184  244  -64
2025 Jan 31 07:00  19  20  14  -18  18  2  263  10  0  3  199  245  -51
2025 Jan 31 06:00  18  20  14  -16  21  4  84  10  0  2  210  245  -40
2025 Jan 31 05:00  17  20  14  -16  21  3  357  8  0  2  200  246  -50
2025 Jan 31 04:00  17  20  14  -15  23  4  346  10  0  2  203  247  -49
2025 Jan 31 03:00  16  20  14  -17  21  4  345  13  0  3  207  244  -42
2025 Jan 31 02:00  16  20  14  -15  24  4  335  9  0  3  207  245  -43
2025 Jan 31 01:00  17  20  14  -15  23  7  353  12  0  2  198  248  -54
2025 Jan 31 00:00  16  20  14  -18  21  4  331  10  0  3  196  242  -51
2025 Jan 30 23:00  14  20  14  -15  26  2  248  7  0  3  199  238  -44
2025 Jan 30 22:00  15  20  14  -7  36  3  228  8  0  2  180  242  -67
2025 Jan 30 21:00  16  20  14  -16  23  5  356  10  0  3  155  246  -96
2025 Jan 30 20:00  15  20  14  -13  28  5  353  9  0  3  170  246  -80
2025 Jan 30 19:00  16  20  14  -12  27  4  345  9  0  3  159  247  -93
2025 Jan 30 18:00  17  20  14  -7  34  4  340  7  5  8  166  250  -87
2025 Jan 30 17:00  18  21  14  -5  35  4  338  12  111  37  166  255  -15
2025 Jan 30 16:00  19  22  14  -2  38  5  345  12  294  62  169  259  142
2025 Jan 30 15:00  20  23  14  -3  36  6  359  16  503  86  177  263  331
2025 Jan 30 14:00  20  23  14  -3  36  7  359  18  613  108  182  264  423
2025 Jan 30 13:00  20  23  14  -5  32  11  12  19  667  113  182  264  472
2025 Jan 30 12:00  19  23  14  -9  29  13  26  29  651  98  179  263  469
2025 Jan 30 11:00  18  23  14  -8  31  15  23  29  502  89  182  262  334
2025 Jan 30 10:00  17  23  14  -6  35  13  14  21  250  76  192  259  106
2025 Jan 30 09:00  17  23  14  -10  30  11  14  18  43  37  199  256  -50
2025 Jan 30 08:00  17  23  14  -6  35  9  11  23  9  9  209  257  -47
2025 Jan 30 07:00  18  23  14  -7  32  14  12  21  0  1  209  262  -54
2025 Jan 30 06:00  17  23  14  -9  31  10  13  23  0  1  223  259  -38
2025 Jan 30 05:00  16  23  14  0  50  2  324  10  0  2  211  253  -46
2025 Jan 30 04:00  17  23  14  4  58  3  23  10  0  2  209  255  -50
2025 Jan 30 03:00  16  23  14  8  69  4  32  10  0  1  218  261  -45
2025 Jan 30 02:00  17  23  14  9  71  5  38  12  0  1  238  265  -29
2025 Jan 30 01:00  17  23  14  6  62  10  37  15  0  1  192  262  -73
2025 Jan 30 00:00  14  23  14  6  71  4  21  12  0  2  180  252  -76
2025 Jan 29 23:00  14  23  14  8  79  7  38  12  0  2  173  255  -85
2025 Jan 29 22:00  15  23  15  8  76  6  53  13  0  2  189  253  -68
2025 Jan 29 21:00  15  23  15  7  71  5  45  10  0  2  197  252  -58
2025 Jan 29 20:00  15  23  15  8  75  2  39  8  0  3  190  246  -61
2025 Jan 29 19:00  18  23  15  9  68  2  65  10  0  2  188  251  -67
2025 Jan 29 18:00  18  23  15  2  49  5  60  10  4  7  180  257  -80
2025 Jan 29 17:00  21  23  15  10  63  4  25  9  105  42  181  259  -15
2025 Jan 29 16:00  22  23  15  3  43  4  57  13  305  62  180  260  163
2025 Jan 29 15:00  23  23  15  3  43  3  120  12  482  84  184  261  321
2025 Jan 29 14:00  22  23  15  -2  35  3  151  9  599  101  178  260  417
2025 Jan 29 13:00  22  23  15  -2  35  3  121  11  645  102  180  257  466
2025 Jan 29 12:00  21  23  15  -1  38  2  166  9  621  84  178  251  464
2025 Jan 29 11:00  19  23  15  -2  40  4  73  11  537  67  175  251  393
2025 Jan 29 10:00  17  23  15  -3  41  5  116  8  255  54  170  249  122
2025 Jan 29 09:00  18  23  15  -3  38  3  78  6  31  35  169  243  -78
2025 Jan 29 08:00  18  23  15  -7  32  2  84  5  9  12  166  241  -77
2025 Jan 29 07:00  16  23  14  -3  41  1  85  4  0  3  164  241  -82
2025 Jan 29 06:00  16  23  14  1  51  4  113  10  0  2  165  247  -85
2025 Jan 29 05:00  15  23  14  3  57  3  83  9  0  2  167  245  -81
2025 Jan 29 04:00  16  23  13  2  53  2  79  8  0  2  169  245  -79
2025 Jan 29 03:00  15  23  12  -4  42  3  95  6  0  2  165  240  -78
2025 Jan 29 02:00  17  23  12  -8  33  3  86  8  0  2  165  243  -82
2025 Jan 29 01:00  17  23  12  -10  29  3  45  8  0  2  165  244  -84
2025 Jan 29 00:00  18  23  12  -8  31  3  59  10  0  3  165  247  -86
2025 Jan 28 23:00  17  23  12  -7  33  3  61  8  0  2  164  245  -85
2025 Jan 28 22:00  17  23  12  -7  33  3  57  8  0  2  164  246  -86
2025 Jan 28 21:00  18  23  12  -2  42  5  57  11  0  2  165  248  -88
2025 Jan 28 20:00  18  23  12  -3  40  3  76  9  0  2  165  246  -85
2025 Jan 28 19:00  20  23  12  -1  40  3  81  10  0  2  166  248  -86
2025 Jan 28 18:00  21  23  12  -6  29  4  93  8  4  7  165  250  -88
2025 Jan 28 17:00  23  23  12  -9  25  4  94  9  97  38  161  252  -32
2025 Jan 28 16:00  22  23  12  -10  24  4  108  8  320  61  159  253  165
2025 Jan 28 15:00  22  23  12  -13  21  6  118  9  492  83  162  257  314
2025 Jan 28 14:00  22  23  12  -7  28  4  137  9  603  100  166  256  413
2025 Jan 28 13:00  22  23  12  -8  26  3  154  8  652  101  166  253  465
2025 Jan 28 12:00  21  23  12  -7  28  4  146  8  633  86  164  251  460
2025 Jan 28 11:00  20  23  12  -8  29  3  127  8  546  65  156  243  394
2025 Jan 28 10:00  18  23  12  -11  26  2  107  5  246  53  149  238  105
2025 Jan 28 09:00  16  23  12  -4  41  3  131  5  28  34  151  239  -94
2025 Jan 28 08:00  15  23  12  -3  45  3  171  5  8  10  159  239  -82
2025 Jan 28 07:00  14  23  12  -5  42  3  168  5  0  2  163  238  -77
2025 Jan 28 06:00  15  23  12  -5  40  2  151  4  0  2  161  237  -80
2025 Jan 28 05:00  15  23  12  -5  40  2  146  4  0  2  161  237  -78
2025 Jan 28 04:00  13  23  12  -6  42  1  208  4  0  3  160  234  -79
2025 Jan 28 03:00  12  23  12  -10  35  3  170  7  0  2  165  238  -76
2025 Jan 28 02:00  14  23  11  -7  39  4  162  6  0  2  166  240  -77
2025 Jan 28 01:00  15  23  11  -10  32  3  148  8  0  2  161  239  -81
2025 Jan 28 00:00  16  23  11  -12  28  3  125  6  0  2  159  239  -83
2025 Jan 27 23:00  16  23  10  -13  27  3  117  8  0  2  155  238  -87
2025 Jan 27 22:00  16  23  10  -14  25  3  87  7  0  3  154  237  -87
2025 Jan 27 21:00  15  23  10  -16  24  1  101  4  0  3  153  234  -85
2025 Jan 27 20:00  17  23  10  -11  29  2  103  6  0  3  157  238  -85
2025 Jan 27 19:00  17  23  10  -9  30  2  96  6  0  2  161  241  -84
2025 Jan 27 18:00  20  23  10  -8  29  1  124  6  4  7  166  243  -80
2025 Jan 27 17:00  23  23  10  -7  26  1  207  4  87  35  169  246  -25
2025 Jan 27 16:00  22  22  10  -6  30  2  239  5  307  58  170  248  171
2025 Jan 27 15:00  21  21  10  -8  28  3  240  5  474  77  169  249  317
2025 Jan 27 14:00  21  21  10  -14  20  2  125  3  592  96  165  248  413
2025 Jan 27 13:00  20  20  10  -8  28  1  116  3  642  97  166  245  466
2025 Jan 27 12:00  19  19  10  -9  29  1  139  4  625  84  163  241  463
2025 Jan 27 11:00  17  17  10  -9  30  1  69  4  539  64  158  237  397
2025 Jan 27 10:00  15  15  10  -9  34  1  314  5  224  55  154  233  91
2025 Jan 27 09:00  13  15  9  -6  42  1  210  6  28  34  154  233  -86
2025 Jan 27 08:00  13  15  8  -6  43  2  228  8  7  10  154  234  -83
2025 Jan 27 07:00  13  15  8  -7  41  2  244  9  0  2  154  236  -86
2025 Jan 27 06:00  13  15  8  -6  42  3  241  9  0  2  155  237  -86
2025 Jan 27 05:00  13  15  8  -5  44  3  246  9  0  2  156  237  -85
2025 Jan 27 04:00  12  15  8  -6  43  3  248  7  0  2  157  237  -84
2025 Jan 27 03:00  12  15  8  -6  45  4  222  9  0  2  157  237  -84
2025 Jan 27 02:00  11  15  8  -5  46  3  239  8  0  2  157  235  -82
2025 Jan 27 01:00  11  15  8  -5  48  2  250  6  0  3  157  234  -81
2025 Jan 27 00:00  11  15  8  -4  51  2  215  6  0  2  157  234  -81
2025 Jan 26 23:00  10  15  8  -4  53  2  218  7  0  2  159  234  -79
2025 Jan 26 22:00  10  15  8  -1  61  3  211  6  0  2  160  236  -80
2025 Jan 26 21:00  11  15  8  -2  56  3  195  6  0  2  158  236  -81
2025 Jan 26 20:00  10  15  8  -1  60  4  198  6  0  2  160  238  -82
2025 Jan 26 19:00  10  15  8  -2  59  5  212  8  0  2  159  241  -85
2025 Jan 26 18:00  12  15  8  -1  56  3  237  7  3  6  161  243  -85
2025 Jan 26 17:00  14  15  8  0  55  4  261  10  59  35  167  249  -58
2025 Jan 26 16:00  15  16  8  -1  49  6  261  14  278  75  174  255  121
2025 Jan 26 15:00  15  17  8  -2  46  6  260  13  471  145  192  260  258
2025 Jan 26 14:00  15  17  8  -1  49  5  264  14  372  170  199  262  140
2025 Jan 26 13:00  14  17  8  2  59  6  253  14  380  182  199  261  135
2025 Jan 26 12:00  13  17  8  3  64  6  249  13  365  181  202  261  126
2025 Jan 26 11:00  12  17  8  5  74  4  254  12  397  197  239  266  173
2025 Jan 26 10:00  11  17  8  7  84  4  243  12  194  117  238  260  55
2025 Jan 26 09:00  9  17  8  5  85  5  228  7  66  56  251  258  3
2025 Jan 26 08:00  8  17  8  5  85  4  241  8  15  14  224  249  -24
2025 Jan 26 07:00  9  17  9  5  83  6  225  9  0  0  225  253  -30
2025 Jan 26 06:00  9  17  9  6  85  4  218  7  0  0  244  257  -13
2025 Jan 26 05:00  9  17  9  5  83  4  211  7  0  1  216  251  -37
2025 Jan 26 04:00  10  17  10  5  82  4  224  8  0  1  231  254  -25
2025 Jan 26 03:00  10  17  10  4  79  4  227  9  0  1  214  249  -37
2025 Jan 26 02:00  10  17  9  6  83  3  242  6  0  0  249  258  -10
2025 Jan 26 01:00  10  17  9  6  83  3  248  8  0  0  248  258  -10
2025 Jan 26 00:00  10  17  9  6  84  2  274  6  0  0  248  258  -11
2025 Jan 25 23:00  10  17  9  6  84  3  264  9  0  0  249  259  -11
2025 Jan 25 22:00  10  17  9  7  85  3  259  6  0  1  243  257  -15
2025 Jan 25 21:00  11  17  9  7  85  2  253  6  0  0  252  260  -8
2025 Jan 25 20:00  10  17  9  7  85  2  240  4  0  0  257  262  -5
2025 Jan 25 19:00  11  17  9  7  85  3  241  6  0  0  256  262  -7
2025 Jan 25 18:00  12  17  9  6  75  3  245  6  3  3  250  262  -12
2025 Jan 25 17:00  14  17  9  4  65  2  253  7  50  38  247  265  -6
2025 Jan 25 16:00  16  17  9  2  56  2  263  10  134  100  249  268  14
2025 Jan 25 15:00  17  17  9  5  59  1  269  4  218  162  245  270  31
2025 Jan 25 14:00  17  17  9  4  58  2  257  7  262  196  255  272  49
2025 Jan 25 13:00  17  17  9  3  54  4  224  15  328  234  248  271  72
2025 Jan 25 12:00  16  16  9  2  52  2  264  9  325  208  288  264  141
2025 Jan 25 11:00  16  16  9  5  63  1  283  6  269  207  289  264  88
2025 Jan 25 10:00  13  16  9  8  79  1  282  5  157  146  273  261  24
2025 Jan 25 09:00  12  16  9  8  85  2  255  7  66  67  266  263  2
2025 Jan 25 08:00  11  16  8  7  85  1  231  4  5  6  264  263  0
2025 Jan 25 07:00  11  16  8  8  86  1  248  6  0  0  264  264  0
2025 Jan 25 06:00  11  16  8  8  85  1  254  5  0  1  262  261  -1
2025 Jan 25 05:00  11  16  8  7  85  1  280  6  0  1  261  259  -1
2025 Jan 25 04:00  11  16  5  7  85  1  231  4  0  0  262  261  0
2025 Jan 25 03:00  10  16  5  7  85  1  249  4  0  0  261  261  0
2025 Jan 25 02:00  9  16  4  6  85  2  221  4  0  0  259  259  0
2025 Jan 25 01:00  9  16  1  5  85  2  203  6  0  0  256  258  -2
2025 Jan 25 00:00  9  16  1  5  84  3  226  6  0  0  255  257  -3
2025 Jan 24 23:00  9  16  -2  5  85  4  212  6  0  1  249  255  -7
2025 Jan 24 22:00  9  16  -2  5  85  5  224  9  0  0  246  256  -11
2025 Jan 24 21:00  9  16  -2  6  85  6  242  11  0  0  253  259  -7
2025 Jan 24 20:00  10  16  -2  6  85  5  250  13  0  0  256  261  -5
2025 Jan 24 19:00  11  16  -2  8  85  6  243  12  0  0  261  264  -4
2025 Jan 24 18:00  13  16  -2  10  86  7  247  17  1  1  265  268  -2
2025 Jan 24 17:00  14  16  -2  11  87  5  245  12  23  18  269  270  3
2025 Jan 24 16:00  16  16  -2  12  86  4  256  12  47  35  265  271  5
2025 Jan 24 15:00  16  16  -2  9  73  7  243  18  82  60  263  271  14
2025 Jan 24 14:00  16  16  -3  9  72  4  292  15  88  69  263  270  12
2025 Jan 24 13:00  16  16  -3  9  76  6  268  19  69  55  265  270  8
2025 Jan 24 12:00  16  16  -5  10  78  11  236  26  255  130  259  270  115
2025 Jan 24 11:00  15  15  -7  4  60  8  231  16  535  108  189  255  361
2025 Jan 24 10:00  13  13  -8  2  62  6  222  12  182  74  182  248  42
2025 Jan 24 09:00  11  11  -10  2  67  3  198  9  62  52  188  243  -45
2025 Jan 24 08:00  8  9  -10  -3  61  5  218  9  9  9  180  241  -61
2025 Jan 24 07:00  8  9  -10  -1  66  6  217  10  0  1  172  242  -73
2025 Jan 24 06:00  9  9  -10  0  68  8  226  16  0  1  231  252  -22
2025 Jan 24 05:00  9  9  -10  0  67  7  226  15  0  0  249  253  -3
2025 Jan 24 04:00  5  5  -10  -4  65  6  204  13  0  1  224  243  -20
2025 Jan 24 03:00  5  5  -10  -8  54  5  218  11  0  0  245  247  -2
2025 Jan 24 02:00  4  4  -10  -4  68  7  226  16  1  1  240  242  -3
2025 Jan 24 01:00  1  1  -10  -15  47  6  218  13  0  0  212  235  -23
2025 Jan 24 00:00  1  1  -10  -12  54  7  226  14  0  0  233  238  -5
2025 Jan 23 23:00  -2  -1  -10  -15  54  5  203  10  0  0  235  234  2
2025 Jan 23 22:00  -2  -1  -10  -15  53  6  194  9  0  1  216  227  -11
2025 Jan 23 21:00  -1  -1  -10  -13  56  4  178  8  0  1  151  218  -69
2025 Jan 23 20:00  -1  -1  -10  -28  28  3  161  10  0  2  143  216  -75
2025 Jan 23 19:00  -2  -1  -10  -22  37  3  183  8  0  2  138  216  -81
2025 Jan 23 18:00  -2  -1  -10  -18  48  5  186  15  2  6  135  219  -88
2025 Jan 23 17:00  -1  -1  -10  -15  51  8  219  16  80  39  136  223  -46
2025 Jan 23 16:00  -2  -2  -10  -15  55  8  231  16  213  73  141  224  57
2025 Jan 23 15:00  -2  -2  -10  -13  60  5  267  16  448  102  146  223  269
2025 Jan 23 14:00  -3  -3  -10  -13  62  4  258  13  518  136  156  224  314
2025 Jan 23 13:00  -3  -3  -10  -12  67  3  334  10  466  185  181  228  234
2025 Jan 23 12:00  -5  -4  -10  -11  72  2  308  10  439  197  189  228  204
2025 Jan 23 11:00  -7  -4  -10  -13  74  2  252  4  367  221  217  229  134
2025 Jan 23 10:00  -8  -4  -10  -14  73  1  269  5  252  173  221  227  73
2025 Jan 23 09:00  -10  -4  -10  -17  74  3  225  8  103  76  206  220  14
2025 Jan 23 08:00  -10  -4  -10  -15  77  4  297  10  9  9  198  216  -18
2025 Jan 23 07:00  -10  -3  -10  -16  72  3  314  9  0  1  198  216  -20
2025 Jan 23 06:00  -9  -2  -9  -15  73  4  329  12  0  1  192  216  -26
2025 Jan 23 05:00  -9  -2  -9  -17  68  3  342  9  0  1  189  216  -29
2025 Jan 23 04:00  -8  -1  -9  -15  72  4  340  8  0  1  182  218  -37
2025 Jan 23 03:00  -8  0  -9  -16  70  4  331  9  0  1  182  218  -38
2025 Jan 23 02:00  -8  0  -9  -16  68  3  340  10  0  1  205  222  -18
2025 Jan 23 01:00  -8  1  -9  -15  73  3  309  7  0  0  207  222  -17
2025 Jan 23 00:00  -8  2  -9  -14  72  2  317  7  0  1  208  222  -15
2025 Jan 22 23:00  -9  4  -9  -15  74  2  287  7  0  1  189  217  -30
2025 Jan 22 22:00  -9  4  -9  -16  72  2  318  6  0  1  180  217  -39
2025 Jan 22 21:00  -9  4  -9  -16  71  3  269  11  0  1  192  220  -29
2025 Jan 22 20:00  -9  4  -9  -15  72  4  319  11  0  1  192  221  -30
2025 Jan 22 19:00  -8  4  -8  -14  75  4  311  15  0  0  208  224  -17
2025 Jan 22 18:00  -7  6  -7  -14  72  4  305  12  3  3  207  226  -19
2025 Jan 22 17:00  -6  9  -6  -13  72  4  323  12  33  25  216  228  -5
2025 Jan 22 16:00  -6  10  -6  -14  67  3  327  10  124  80  204  228  19
2025 Jan 22 15:00  -4  11  -5  -15  61  4  322  13  412  198  185  231  168
2025 Jan 22 14:00  -4  11  -5  -13  66  5  320  11  275  193  217  234  65
2025 Jan 22 13:00  -4  11  -5  -10  75  4  302  15  304  224  223  235  68
2025 Jan 22 12:00  -5  11  -5  -13  68  5  301  14  198  151  223  232  37
2025 Jan 22 11:00  -4  11  -4  -11  73  6  317  14  191  147  225  234  36
2025 Jan 22 10:00  -4  11  -4  -10  76  6  308  17  126  99  226  233  21
2025 Jan 22 09:00  -4  11  -4  -10  76  7  311  25  51  40  226  232  5
2025 Jan 22 08:00  -4  11  -6  -10  74  7  314  23  5  4  227  233  -5
2025 Jan 22 07:00  -3  11  -8  -8  78  6  294  25  0  0  226  234  -8
2025 Jan 22 06:00  -2  11  -12  -9  73  7  280  25  0  0  227  235  -9
2025 Jan 22 05:00  -2  11  -12  -8  72  8  276  27  0  0  218  235  -18
2025 Jan 22 04:00  -1  11  -13  -8  70  5  275  17  0  0  222  236  -15
2025 Jan 22 03:00  0  11  -14  -10  63  6  261  15  0  0  223  237  -14
2025 Jan 22 02:00  0  11  -16  -10  63  5  263  17  0  0  225  238  -14
2025 Jan 22 01:00  1  11  -17  -9  61  7  262  23  0  0  225  239  -15
2025 Jan 22 00:00  2  11  -19  -10  57  6  261  16  0  0  229  241  -12
2025 Jan 21 23:00  4  11  -19  -8  57  8  266  24  0  1  190  239  -51
2025 Jan 21 22:00  3  11  -19  -12  49  8  247  22  0  0  226  241  -16
2025 Jan 21 21:00  4  11  -19  -16  40  6  252  13  0  0  227  241  -14
2025 Jan 21 20:00  4  11  -19  -17  36  5  253  11  0  0  225  240  -16
2025 Jan 21 19:00  4  11  -19  -18  36  5  239  11  0  0  225  240  -16
2025 Jan 21 18:00  6  11  -19  -15  37  6  241  11  2  2  220  242  -22
2025 Jan 21 17:00  9  11  -19  -14  34  4  255  12  66  41  200  239  -15
2025 Jan 21 16:00  10  11  -19  -17  28  3  243  7  191  47  150  229  66
2025 Jan 21 15:00  11  11  -19  -15  30  3  235  7  453  70  153  232  304
2025 Jan 21 14:00  9  9  -19  -19  28  2  230  6  463  158  186  239  253
2025 Jan 21 13:00  5  5  -19  -15  39  4  239  9  367  203  208  239  133
2025 Jan 21 12:00  2  2  -19  -20  34  5  248  10  571  131  164  225  379
2025 Jan 21 11:00  -1  -1  -19  -20  40  4  233  10  509  72  151  215  372
2025 Jan 21 10:00  -3  -1  -19  -24  36  4  195  8  119  58  148  213  -4
2025 Jan 21 09:00  -1  -1  -19  -24  33  3  132  9  31  31  148  213  -65
2025 Jan 21 08:00  -6  -6  -19  -25  39  3  169  8  8  9  145  207  -62
2025 Jan 21 07:00  -8  -8  -19  -29  35  4  178  9  0  2  141  202  -63
2025 Jan 21 06:00  -12  -12  -19  -33  34  4  179  7  0  1  137  199  -63
2025 Jan 21 05:00  -12  -11  -19  -35  31  4  191  8  0  2  133  197  -66
2025 Jan 21 04:00  -13  -11  -19  -34  34  3  183  9  0  2  126  193  -70
2025 Jan 21 03:00  -14  -11  -19  -32  40  2  164  8  0  2  123  191  -71
2025 Jan 21 02:00  -16  -11  -19  -35  38  2  112  6  0  2  120  189  -72
2025 Jan 21 01:00  -17  -11  -19  -37  37  4  178  8  0  2  116  189  -76
2025 Jan 21 00:00  -19  -10  -19  -29  61  5  199  8  0  1  111  187  -79
2025 Jan 20 23:00  -17  -10  -18  -32  47  3  205  9  0  2  108  187  -83
2025 Jan 20 22:00  -18  -10  -18  -38  35  2  140  6  0  2  104  185  -84
2025 Jan 20 21:00  -18  -10  -18  -40  32  2  68  7  0  2  102  185  -87
2025 Jan 20 20:00  -18  -10  -18  -36  40  3  311  13  0  2  101  188  -91
2025 Jan 20 19:00  -18  -9  -18  -41  30  5  326  11  0  2  102  191  -93
2025 Jan 20 18:00  -18  -8  -18  -31  50  5  323  14  3  6  109  195  -88
2025 Jan 20 17:00  -16  -7  -17  -26  59  4  317  13  106  64  134  202  -26
2025 Jan 20 16:00  -14  -7  -17  -26  55  4  291  11  331  132  152  207  144
2025 Jan 20 15:00  -15  -5  -17  -26  57  4  313  10  463  130  136  202  268
2025 Jan 20 14:00  -16  -5  -17  -29  51  5  265  14  584  110  116  198  392
2025 Jan 20 13:00  -15  -5  -17  -28  53  4  309  12  647  138  126  199  436
2025 Jan 20 12:00  -17  -5  -17  -28  58  4  328  9  493  111  119  195  306
2025 Jan 20 11:00  -17  -5  -17  -26  62  5  337  12  250  91  125  197  87
2025 Jan 20 10:00  -17  -5  -17  -26  63  4  326  12  160  87  142  201  15
2025 Jan 20 09:00  -15  -5  -15  -23  68  4  326  9  59  45  180  208  -14
2025 Jan 20 08:00  -14  -5  -16  -21  71  3  316  10  6  6  187  209  -22
2025 Jan 20 07:00  -13  -5  -16  -20  73  4  320  10  0  0  200  213  -14
2025 Jan 20 06:00  -12  -5  -16  -18  74  3  276  7  0  0  211  217  -7
2025 Jan 20 05:00  -11  -5  -16  -17  75  2  253  4  0  0  213  217  -5
2025 Jan 20 04:00  -11  -5  -16  -17  75  2  239  4  0  0  213  217  -5
2025 Jan 20 03:00  -11  -5  -16  -17  75  1  230  3  0  0  217  218  -2
2025 Jan 20 02:00  -11  -5  -16  -17  74  2  213  4  0  1  217  218  -1
2025 Jan 20 01:00  -11  -5  -16  -17  74  0  177  2  0  1  213  214  -2
2025 Jan 20 00:00  -10  -5  -16  -16  74  1  229  4  0  1  213  217  -5
2025 Jan 19 23:00  -10  -5  -16  -16  75  1  288  5  0  1  210  218  -9
2025 Jan 19 22:00  -10  -5  -16  -16  75  2  281  7  0  1  203  216  -15
2025 Jan 19 21:00  -10  -5  -16  -16  75  2  286  5  0  2  191  212  -24
2025 Jan 19 20:00  -10  -5  -16  -15  75  2  312  6  0  2  185  213  -31
2025 Jan 19 19:00  -9  -5  -16  -15  75  3  253  8  0  1  192  217  -27
2025 Jan 19 18:00  -8  -5  -16  -14  76  6  231  11  2  3  185  219  -35
2025 Jan 19 17:00  -7  -5  -16  -13  76  5  247  10  55  43  188  223  -24
2025 Jan 19 16:00  -7  -5  -16  -12  76  6  242  12  128  95  203  227  9
2025 Jan 19 15:00  -5  -5  -16  -11  76  4  253  10  286  200  215  232  69
2025 Jan 19 14:00  -5  -5  -16  -11  76  4  247  9  275  198  205  229  55
2025 Jan 19 13:00  -6  -6  -16  -14  68  6  237  11  316  184  179  223  89
2025 Jan 19 12:00  -7  -6  -16  -16  67  5  253  11  515  148  164  216  316
2025 Jan 19 11:00  -10  -6  -16  -18  67  4  253  8  503  102  147  208  339
2025 Jan 19 10:00  -13  -5  -16  -20  69  4  236  8  140  76  139  204  0
2025 Jan 19 09:00  -14  -5  -16  -21  72  4  225  7  89  63  161  205  -19
2025 Jan 19 08:00  -16  -5  -16  -22  71  5  213  8  10  9  137  200  -62
2025 Jan 19 07:00  -15  -4  -16  -22  71  5  228  12  0  1  142  202  -62
2025 Jan 19 06:00  -14  -3  -16  -24  60  6  273  14  0  2  122  201  -83
2025 Jan 19 05:00  -14  -1  -16  -25  58  7  259  15  0  2  117  200  -87
2025 Jan 19 04:00  -14  -1  -16  -26  56  7  259  17  0  2  115  200  -89
2025 Jan 19 03:00  -15  0  -16  -25  59  7  254  15  0  2  131  198  -71
2025 Jan 19 02:00  -16  1  -16  -26  60  6  252  16  0  2  146  198  -56
2025 Jan 19 01:00  -16  3  -16  -23  68  6  257  14  0  2  143  198  -60
2025 Jan 19 00:00  -16  6  -16  -23  68  7  254  12  0  2  139  199  -63
2025 Jan 18 23:00  -16  9  -16  -23  69  6  257  14  0  1  134  200  -70
2025 Jan 18 22:00  -15  10  -15  -22  70  6  269  15  0  1  138  204  -68
2025 Jan 18 21:00  -14  10  -14  -21  71  6  259  16  0  1  142  206  -67
2025 Jan 18 20:00  -13  10  -13  -20  72  4  279  14  0  1  154  209  -57
2025 Jan 18 19:00  -12  11  -12  -20  70  4  296  13  0  1  162  211  -52
2025 Jan 18 18:00  -12  12  -12  -18  73  4  304  12  2  2  184  216  -33
2025 Jan 18 17:00  -10  13  -10  -18  68  4  315  14  54  39  187  220  -18
2025 Jan 18 16:00  -8  14  -8  -16  71  4  307  13  163  115  203  226  24
2025 Jan 18 15:00  -8  16  -8  -18  62  5  323  10  271  180  198  227  63
2025 Jan 18 14:00  -7  17  -7  -16  65  5  323  12  358  197  180  225  115
2025 Jan 18 13:00  -6  17  -6  -16  64  4  317  9  417  213  184  228  161
2025 Jan 18 12:00  -6  17  -6  -15  65  4  334  7  294  206  207  232  63
2025 Jan 18 11:00  -6  17  -6  -13  72  5  248  14  245  176  207  231  45
2025 Jan 18 10:00  -5  17  -5  -15  65  4  280  12  161  119  205  229  17
2025 Jan 18 09:00  -5  17  -5  -13  69  4  301  11  74  57  212  229  -1
2025 Jan 18 08:00  -5  17  -5  -11  73  5  312  12  9  8  204  228  -23
2025 Jan 18 07:00  -4  17  -4  -11  72  5  306  11  0  1  186  226  -42
2025 Jan 18 06:00  -3  17  -3  -9  74  4  313  11  0  1  175  226  -53
2025 Jan 18 05:00  -1  17  -1  -8  74  4  298  11  0  0  215  235  -21
2025 Jan 18 04:00  -1  17  -1  -6  77  4  294  14  0  0  229  238  -11
2025 Jan 18 03:00  0  17  0  -5  80  3  291  11  0  0  235  240  -6
2025 Jan 18 02:00  1  17  1  -4  80  3  81  10  0  0  240  242  -3
2025 Jan 18 01:00  3  19  3  -2  81  3  41  9  0  0  246  247  -1
2025 Jan 18 00:00  6  21  6  2  83  3  295  9  0  0  253  254  -1
2025 Jan 17 23:00  9  21  9  5  84  7  238  19  0  0  257  259  -2
2025 Jan 17 22:00  10  21  10  6  85  7  234  16  0  0  259  260  -2
2025 Jan 17 21:00  10  21  10  6  85  5  247  13  0  0  242  258  -17
2025 Jan 17 20:00  10  21  10  7  85  6  246  11  0  0  248  261  -13
2025 Jan 17 19:00  11  22  11  7  81  3  258  9  0  0  253  262  -10
2025 Jan 17 18:00  12  25  12  5  71  3  256  8  1  1  252  263  -11
2025 Jan 17 17:00  13  29  13  3  65  3  251  9  24  17  252  264  -6
2025 Jan 17 16:00  14  30  13  3  61  3  261  9  59  45  254  266  1
2025 Jan 17 15:00  16  30  13  3  56  5  255  10  217  139  243  268  53
2025 Jan 17 14:00  17  30  13  3  53  6  250  12  629  141  200  264  423
2025 Jan 17 13:00  16  30  13  1  52  4  256  10  460  121  201  261  279
2025 Jan 17 12:00  16  30  13  5  61  3  293  9  233  160  257  270  60
2025 Jan 17 11:00  15  30  13  5  65  3  261  12  198  138  258  266  52
2025 Jan 17 10:00  15  30  13  -3  45  2  206  5  138  92  254  259  41
2025 Jan 17 09:00  13  30  13  -10  34  2  197  7  37  35  178  240  -60
2025 Jan 17 08:00  13  30  13  -12  32  2  197  8  5  7  174  238  -66
2025 Jan 17 07:00  14  30  14  -15  26  3  204  10  0  2  164  241  -80
2025 Jan 17 06:00  16  30  16  -19  20  5  212  11  0  2  162  244  -85
2025 Jan 17 05:00  16  30  16  -18  21  5  212  8  0  2  161  243  -86
2025 Jan 17 04:00  17  30  17  -21  17  4  209  9  0  2  155  242  -91
2025 Jan 17 03:00  17  30  17  -22  16  4  219  9  0  2  157  245  -92
2025 Jan 17 02:00  17  30  17  -20  18  6  219  10  0  2  159  247  -92
2025 Jan 17 01:00  19  30  19  -19  17  6  219  13  0  2  163  249  -91
2025 Jan 17 00:00  21  30  19  -22  14  5  240  11  0  2  162  251  -93
2025 Jan 16 23:00  19  30  19  -17  19  5  222  12  0  2  163  251  -91
2025 Jan 16 22:00  19  30  19  -7  30  5  224  9  0  1  167  254  -91
2025 Jan 16 21:00  20  30  20  -9  27  6  216  10  0  2  171  258  -91
2025 Jan 16 20:00  21  30  21  5  49  5  208  8  0  2  176  261  -89
2025 Jan 16 19:00  22  30  21  7  52  6  217  9  0  1  179  265  -90
2025 Jan 16 18:00  25  30  21  10  53  5  221  8  0  4  185  270  -89
2025 Jan 16 17:00  29  30  21  10  45  6  237  11  60  29  190  275  -55
2025 Jan 16 16:00  30  30  21  8  39  6  240  11  265  52  192  278  128
2025 Jan 16 15:00  29  29  18  6  37  7  239  13  426  63  195  278  279
2025 Jan 16 14:00  29  29  18  8  41  6  242  12  539  73  197  277  386
2025 Jan 16 13:00  28  29  17  8  42  6  233  9  591  78  197  277  433
2025 Jan 16 12:00  28  29  17  10  46  6  230  8  575  72  196  274  425
2025 Jan 16 11:00  29  29  14  10  45  4  209  7  490  60  195  269  356
2025 Jan 16 10:00  27  27  13  7  44  3  209  7  110  52  190  267  -18
2025 Jan 16 09:00  24  25  12  7  47  3  209  6  23  30  190  265  -81
2025 Jan 16 08:00  25  25  6  10  53  4  206  6  5  8  193  265  -75
2025 Jan 16 07:00  24  25  4  9  52  4  212  5  0  2  195  264  -72
2025 Jan 16 06:00  23  25  3  10  57  4  203  7  0  2  192  264  -75
2025 Jan 16 05:00  22  25  3  11  60  3  194  5  0  2  197  261  -68
2025 Jan 16 04:00  23  25  2  13  64  2  199  5  0  2  199  261  -65
2025 Jan 16 03:00  23  25  2  12  63  2  205  5  0  2  197  261  -68
2025 Jan 16 02:00  23  25  2  12  60  1  209  3  0  2  194  259  -68
2025 Jan 16 01:00  25  25  1  12  59  1  127  3  0  3  192  260  -71
2025 Jan 16 00:00  23  23  1  9  55  1  192  3  0  3  191  259  -71
2025 Jan 15 23:00  22  23  1  13  68  3  196  6  0  2  189  261  -75
2025 Jan 15 22:00  23  23  1  12  62  2  196  4  0  3  190  259  -72
2025 Jan 15 21:00  23  23  0  10  59  1  137  4  0  3  190  257  -70
2025 Jan 15 20:00  22  22  0  9  58  2  166  4  0  2  190  256  -69
2025 Jan 15 19:00  21  21  0  8  57  1  147  4  0  2  188  254  -68
2025 Jan 15 18:00  21  21  0  7  55  1  164  3  1  4  188  253  -69
2025 Jan 15 17:00  21  21  0  7  54  2  221  3  56  29  186  254  -40
2025 Jan 15 16:00  21  21  0  7  55  2  195  5  255  50  188  255  138
2025 Jan 15 15:00  18  18  0  3  51  2  229  4  415  61  187  252  289
2025 Jan 15 14:00  18  18  0  5  56  2  203  6  527  73  191  255  391
2025 Jan 15 13:00  17  17  0  4  57  1  186  4  577  77  190  250  440
2025 Jan 15 12:00  17  17  0  5  57  4  37  8  565  77  192  253  427
2025 Jan 15 11:00  14  14  0  -1  52  5  39  11  486  67  183  247  355
2025 Jan 15 10:00  13  13  -2  -4  47  7  38  12  96  56  196  247  -10
2025 Jan 15 09:00  12  12  -3  -11  35  5  48  10  24  31  176  239  -70
2025 Jan 15 08:00  6  6  -4  -12  42  3  64  10  5  9  169  228  -63
2025 Jan 15 07:00  4  4  -4  -7  61  3  286  9  0  2  161  228  -72
2025 Jan 15 06:00  3  4  -4  -3  74  4  293  9  0  2  159  228  -73
2025 Jan 15 05:00  4  4  -4  -6  64  2  264  9  0  3  161  225  -70
2025 Jan 15 04:00  2  4  -4  -7  66  3  216  8  0  2  183  230  -50
2025 Jan 15 03:00  2  4  -4  -4  77  3  281  11  0  1  216  236  -23
2025 Jan 15 02:00  2  4  -4  -5  75  5  296  12  0  1  221  238  -19
2025 Jan 15 01:00  1  4  -4  -4  77  2  278  11  0  1  216  234  -21
2025 Jan 15 00:00  2  4  -4  -5  75  2  353  11  0  1  218  236  -21
2025 Jan 14 23:00  1  4  -4  -4  80  2  222  9  0  0  230  239  -11
2025 Jan 14 22:00  1  4  -4  -4  81  3  295  9  0  1  227  238  -11
2025 Jan 14 21:00  0  4  -4  -6  76  3  273  11  0  1  223  236  -14
2025 Jan 14 20:00  1  4  -4  -4  82  3  278  9  0  0  229  239  -11
2025 Jan 14 19:00  1  4  -4  -4  79  3  294  9  0  0  234  242  -8
2025 Jan 14 18:00  2  4  -4  -4  77  3  295  9  1  1  233  242  -9
2025 Jan 14 17:00  3  4  -4  -2  82  2  284  7  65  46  198  239  -22
2025 Jan 14 16:00  4  4  -4  -3  76  2  291  7  126  92  226  245  15
2025 Jan 14 15:00  4  4  -4  -4  68  2  289  7  276  147  207  243  92
2025 Jan 14 14:00  4  4  -4  -4  68  3  288  9  339  181  215  245  128
2025 Jan 14 13:00  4  4  -4  -6  64  2  315  10  331  232  233  248  83
2025 Jan 14 12:00  4  4  -4  -5  66  2  22  6  478  152  245  233  339
2025 Jan 14 11:00  1  4  -4  -7  69  1  50  5  367  138  248  244  232
2025 Jan 14 10:00  -2  4  -4  -9  74  1  225  5  147  122  233  237  22
2025 Jan 14 09:00  -3  4  -4  -11  70  2  88  6  57  47  222  230  2
2025 Jan 14 08:00  -4  4  -4  -10  75  2  195  7  9  8  227  231  -4
2025 Jan 14 07:00  -3  4  -4  -9  76  2  210  6  0  0  230  232  -3
2025 Jan 14 06:00  -3  4  -4  -9  74  3  164  8  0  1  227  230  -5
2025 Jan 14 05:00  -4  4  -4  -10  77  3  216  9  0  2  220  226  -10
2025 Jan 14 04:00  -4  4  -4  -9  80  4  235  7  0  1  221  227  -9
2025 Jan 14 03:00  -4  4  -4  -10  78  2  242  6  0  2  213  223  -15
2025 Jan 14 02:00  -4  4  -4  -9  79  3  267  6  0  2  212  224  -16
2025 Jan 14 01:00  -3  4  -3  -9  75  2  313  8  0  2  211  225  -18
2025 Jan 14 00:00  -3  4  -3  -10  70  3  284  9  0  2  206  225  -23
2025 Jan 13 23:00  -2  4  -2  -9  75  4  272  11  0  2  208  226  -23
2025 Jan 13 22:00  -2  4  -2  -9  73  4  286  9  0  2  208  227  -23
2025 Jan 13 21:00  -2  4  -2  -8  74  3  298  7  0  2  210  229  -23
2025 Jan 13 20:00  -2  4  -2  -7  79  3  304  11  0  2  212  230  -21
2025 Jan 13 19:00  -2  4  -2  -6  80  3  284  8  0  2  205  228  -27
2025 Jan 13 18:00  -1  4  -2  -6  80  4  247  7  0  2  196  231  -37
2025 Jan 13 17:00  1  6  -2  -3  81  4  248  10  65  45  220  243  -3
2025 Jan 13 16:00  3  6  -2  -2  79  6  248  13  356  212  212  248  110
2025 Jan 13 15:00  4  6  -2  -3  74  4  268  10  284  202  224  248  58
2025 Jan 13 14:00  3  6  -2  -4  70  6  261  15  287  204  213  245  50
2025 Jan 13 13:00  3  6  -2  -6  64  4  262  14  333  195  198  241  95
2025 Jan 13 12:00  3  6  -2  -6  68  6  247  13  300  185  214  241  88
2025 Jan 13 11:00  1  6  -2  -7  70  6  242  13  374  167  247  243  212
2025 Jan 13 10:00  -1  6  -2  -8  75  4  211  9  62  71  231  235  -13
2025 Jan 13 09:00  -2  6  -2  -8  77  4  216  6  25  31  226  233  -13
2025 Jan 13 08:00  -2  6  -2  -7  79  3  212  5  3  7  224  231  -11
2025 Jan 13 07:00  -1  6  -2  -6  80  2  214  7  0  1  225  231  -10
2025 Jan 13 06:00  -2  6  -2  -7  80  2  192  4  0  2  225  227  -7
2025 Jan 13 05:00  -2  6  -2  -7  80  1  191  2  0  2  222  225  -8
2025 Jan 13 04:00  -2  6  -2  -7  80  1  119  2  0  2  222  224  -8
2025 Jan 13 03:00  -2  6  -2  -7  80  1  175  2  0  1  225  225  -4
2025 Jan 13 02:00  -2  6  -2  -7  80  2  98  4  0  2  225  224  -4
2025 Jan 13 01:00  -2  6  -2  -7  80  1  74  2  0  2  220  220  -5
2025 Jan 13 00:00  -2  6  -2  -7  79  1  158  3  0  1  228  226  -1
2025 Jan 12 23:00  -1  6  -2  -6  81  1  146  3  0  2  220  216  0
2025 Jan 12 22:00  0  6  -2  -5  81  1  198  2  0  2  226  215  7
2025 Jan 12 21:00  1  6  -2  -5  76  0  165  2  0  2  228  218  6
2025 Jan 12 20:00  1  6  -2  -6  74  1  167  3  0  2  227  219  5
2025 Jan 12 19:00  1  6  -2  -5  73  1  126  2  0  1  228  222  2
2025 Jan 12 18:00  2  6  -2  -2  81  1  187  2  0  1  240  237  2
2025 Jan 12 17:00  6  6  -2  1  80  2  281  6  110  63  255  249  53
2025 Jan 12 16:00  6  6  -2  -2  69  1  360  4  202  115  259  249  97
2025 Jan 12 15:00  5  6  -2  -3  71  1  330  6  136  108  255  244  40
2025 Jan 12 14:00  4  6  -2  -3  73  1  310  4  143  112  251  239  43
2025 Jan 12 13:00  5  6  -2  -1  78  1  306  3  265  184  258  248  92
2025 Jan 12 12:00  4  7  -2  -2  77  1  255  4  375  210  247  243  168
2025 Jan 12 11:00  2  7  -2  -4  78  2  228  4  360  136  227  234  217
2025 Jan 12 10:00  -1  7  -2  -6  79  2  222  5  95  77  216  230  5
2025 Jan 12 09:00  -2  8  -2  -7  79  2  278  6  58  49  217  231  -5
2025 Jan 12 08:00  -2  10  -2  -6  80  3  268  8  6  6  226  233  -8
2025 Jan 12 07:00  0  11  -1  -5  80  4  314  9  0  1  228  235  -9
2025 Jan 12 06:00  0  11  -1  -6  75  4  340  10  0  1  224  233  -12
2025 Jan 12 05:00  0  11  -1  -7  75  3  339  7  0  2  216  228  -17
2025 Jan 12 04:00  -1  13  -1  -7  76  2  310  6  0  2  214  227  -17
2025 Jan 12 03:00  0  16  0  -5  78  2  280  6  0  1  214  229  -18
2025 Jan 12 02:00  0  19  0  -4  81  3  263  5  0  1  221  231  -13
2025 Jan 12 01:00  1  20  1  -5  77  4  328  11  0  1  212  229  -20
2025 Jan 12 00:00  1  20  1  -4  79  4  315  11  0  1  225  236  -13
2025 Jan 11 23:00  1  20  1  -4  78  2  316  6  0  1  227  234  -10
2025 Jan 11 22:00  2  20  2  -3  82  2  292  6  0  1  227  238  -13
2025 Jan 11 21:00  2  20  2  -2  83  2  305  5  0  1  235  242  -9
2025 Jan 11 20:00  3  20  3  -3  79  2  330  8  0  1  239  244  -6
2025 Jan 11 19:00  3  20  3  -2  81  2  285  8  0  1  238  243  -7
2025 Jan 11 18:00  3  20  3  -2  82  2  291  7  0  1  229  244  -16
2025 Jan 11 17:00  4  20  4  -1  81  4  243  10  18  15  234  248  -10
2025 Jan 11 16:00  5  20  5  0  77  4  273  11  178  112  220  249  36
2025 Jan 11 15:00  6  20  5  -3  66  4  312  12  316  134  181  245  119
2025 Jan 11 14:00  5  20  5  -1  75  5  319  13  260  189  228  253  47
2025 Jan 11 13:00  6  20  6  1  79  5  329  14  272  214  244  255  46
2025 Jan 11 12:00  7  20  4  2  80  3  314  13  266  206  240  257  44
2025 Jan 11 11:00  7  20  3  2  82  4  319  12  236  187  243  257  35
2025 Jan 11 10:00  6  20  0  2  82  5  310  14  141  115  253  256  22
2025 Jan 11 09:00  8  20  -1  4  84  5  301  13  45  38  259  259  6
2025 Jan 11 08:00  10  20  -3  6  85  5  224  10  7  6  261  262  0
2025 Jan 11 07:00  11  20  -6  7  85  3  237  7  0  0  262  263  -1
2025 Jan 11 06:00  11  20  -6  7  86  3  219  6  0  0  263  264  -1
2025 Jan 11 05:00  11  20  -6  8  86  6  230  11  0  0  265  265  -1
2025 Jan 11 04:00  13  20  -6  10  86  7  225  11  0  0  268  269  -1
2025 Jan 11 03:00  16  20  -6  13  87  9  240  19  0  0  274  275  -2
2025 Jan 11 02:00  19  20  -6  16  89  5  220  12  0  0  276  280  -4
2025 Jan 11 01:00  20  20  -6  17  88  2  191  9  0  0  277  283  -6
2025 Jan 11 00:00  17  17  -6  14  89  4  207  7  1  0  273  275  -2
2025 Jan 10 23:00  14  14  -6  11  88  6  204  10  0  0  270  269  1
2025 Jan 10 22:00  11  12  -6  8  86  4  217  9  0  0  266  264  2
2025 Jan 10 21:00  11  12  -6  8  86  5  218  16  0  0  264  262  2
2025 Jan 10 20:00  10  12  -6  6  81  5  210  11  0  0  248  256  -9
2025 Jan 10 19:00  9  12  -6  1  69  4  181  7  0  1  234  251  -18
2025 Jan 10 18:00  9  12  -6  1  68  4  187  9  0  2  203  246  -45
2025 Jan 10 17:00  12  12  -6  1  63  3  212  7  61  41  208  251  -22
2025 Jan 10 16:00  10  10  -6  -2  58  2  176  6  137  81  217  255  19
2025 Jan 10 15:00  10  10  -6  -1  62  2  207  7  220  140  253  259  73
2025 Jan 10 14:00  10  10  -6  -7  45  4  238  10  450  202  252  258  243
2025 Jan 10 13:00  7  7  -6  -11  43  5  232  15  538  179  220  244  336
2025 Jan 10 12:00  4  4  -6  -7  60  4  233  11  559  72  169  228  428
2025 Jan 10 11:00  3  3  -6  -12  51  3  223  6  462  64  163  223  337
2025 Jan 10 10:00  0  3  -6  -16  46  3  271  8  36  54  190  220  -48
2025 Jan 10 09:00  -1  3  -6  -15  50  4  338  13  24  31  206  222  -23
2025 Jan 10 08:00  -3  3  -6  -15  57  3  325  11  4  8  206  222  -20
2025 Jan 10 07:00  -6  3  -6  -16  62  2  238  8  0  2  203  218  -20
2025 Jan 10 06:00  -6  3  -6  -12  76  3  6  9  0  2  201  219  -23
2025 Jan 10 05:00  -6  3  -6  -12  73  2  251  7  0  2  206  220  -18
2025 Jan 10 04:00  -6  3  -6  -12  77  2  186  6  0  1  203  219  -19
2025 Jan 10 03:00  -6  3  -6  -12  77  1  149  4  0  2  189  216  -30
2025 Jan 10 02:00  -5  4  -6  -13  67  2  329  7  0  3  187  217  -36
2025 Jan 10 01:00  -6  5  -6  -12  74  2  286  6  0  3  180  215  -41
2025 Jan 10 00:00  -6  6  -6  -12  77  1  176  4  0  2  168  214  -51
2025 Jan 09 23:00  -5  7  -5  -10  78  2  211  5  0  1  171  219  -51
2025 Jan 09 22:00  -4  8  -4  -10  76  6  354  11  0  2  139  221  -85
2025 Jan 09 21:00  -3  10  -3  -9  74  4  345  11  0  2  147  223  -79
2025 Jan 09 20:00  -2  10  -2  -8  73  3  326  9  0  1  180  229  -52
2025 Jan 09 19:00  0  10  0  -6  74  6  6  12  0  1  198  237  -41
2025 Jan 09 18:00  2  10  1  -4  77  5  6  9  0  1  229  244  -16
2025 Jan 09 17:00  3  11  1  -3  79  7  19  10  46  34  230  247  -4
2025 Jan 09 16:00  3  13  1  -3  75  8  25  17  147  102  224  248  22
2025 Jan 09 15:00  3  13  1  -6  65  9  24  20  217  129  201  246  44
2025 Jan 09 14:00  2  13  1  -7  66  10  21  29  249  157  196  244  44
2025 Jan 09 13:00  1  13  1  -8  68  17  23  35  231  151  199  242  36
2025 Jan 09 12:00  1  13  1  -7  71  18  27  35  290  190  210  244  66
2025 Jan 09 11:00  1  13  1  -7  69  18  26  37  252  180  226  245  52
2025 Jan 09 10:00  2  13  2  -5  74  12  8  31  134  105  239  245  23
2025 Jan 09 09:00  2  13  2  -2  81  2  293  7  47  38  244  244  10
2025 Jan 09 08:00  2  13  2  -3  81  4  359  10  5  4  242  242  1
2025 Jan 09 07:00  2  13  2  -3  77  3  351  10  0  0  242  242  -1
2025 Jan 09 06:00  2  13  2  -3  79  1  288  5  0  0  242  242  0
2025 Jan 09 05:00  3  13  3  -3  79  1  322  5  0  0  244  244  -1
2025 Jan 09 04:00  3  13  3  -2  79  2  49  7  0  0  245  245  -1
2025 Jan 09 03:00  3  13  3  -1  82  2  260  5  0  0  243  246  -3
2025 Jan 09 02:00  4  13  2  -2  78  3  329  7  0  0  238  246  -8
2025 Jan 09 01:00  5  13  1  -2  73  2  349  6  0  0  230  245  -16
2025 Jan 09 00:00  6  13  1  -2  69  2  308  7  0  0  237  248  -12
2025 Jan 08 23:00  7  13  1  -5  59  3  3  8  0  0  243  250  -8
2025 Jan 08 22:00  8  13  1  1  70  3  308  11  0  0  242  251  -9
2025 Jan 08 21:00  10  13  1  -11  38  3  47  6  0  1  231  249  -18
2025 Jan 08 20:00  10  13  1  -12  37  4  2  12  0  1  214  245  -33
2025 Jan 08 19:00  9  13  1  -15  31  2  345  8  0  2  185  235  -53
2025 Jan 08 18:00  9  13  1  -9  43  2  199  6  0  2  171  234  -66
2025 Jan 08 17:00  11  13  1  -6  45  3  216  5  31  25  161  236  -69
2025 Jan 08 16:00  13  13  1  -8  39  3  244  7  231  52  163  239  103
2025 Jan 08 15:00  12  12  1  -10  36  3  238  6  392  61  163  238  257
2025 Jan 08 14:00  12  12  1  -14  29  2  241  5  507  70  163  235  365
2025 Jan 08 13:00  11  11  1  -14  32  1  327  5  564  74  159  230  418
2025 Jan 08 12:00  10  10  1  -17  29  2  252  7  554  71  154  227  409
2025 Jan 08 11:00  9  9  1  -17  30  1  161  4  433  66  148  222  294
2025 Jan 08 10:00  5  8  1  -20  31  2  203  4  35  55  153  220  -88
2025 Jan 08 09:00  5  8  1  -23  26  2  208  7  23  30  212  219  -14
2025 Jan 08 08:00  4  8  1  -22  29  2  214  5  4  8  236  217  15
2025 Jan 08 07:00  4  8  1  -27  22  2  196  4  0  3  238  215  18
2025 Jan 08 06:00  5  8  1  -24  24  2  178  4  0  3  239  216  16
2025 Jan 08 05:00  4  8  1  -26  23  1  141  4  0  5  231  215  7
2025 Jan 08 04:00  3  8  1  -25  25  1  105  3  0  4  227  220  0
2025 Jan 08 03:00  3  8  1  -14  45  0  176  1  0  3  228  224  -2
2025 Jan 08 02:00  2  8  1  -14  47  1  193  3  0  3  232  228  -2
2025 Jan 08 01:00  1  8  1  -4  81  0  133  2  0  1  232  227  -2
2025 Jan 08 00:00  1  8  1  -4  82  2  177  4  0  1  236  230  3
2025 Jan 07 23:00  1  8  1  -3  81  1  167  3  0  1  235  224  6
2025 Jan 07 22:00  2  9  2  -3  82  2  199  3  0  2  237  223  10
2025 Jan 07 21:00  3  9  2  -4  72  1  195  2  0  2  237  221  11
2025 Jan 07 20:00  3  9  2  -5  71  3  117  6  0  1  240  225  11
2025 Jan 07 19:00  2  9  2  -2  82  5  72  8  0  1  243  231  9
2025 Jan 07 18:00  4  10  3  -1  80  4  67  6  0  2  244  231  9
2025 Jan 07 17:00  5  11  3  -4  68  4  67  6  15  19  247  235  8
2025 Jan 07 16:00  6  14  3  -2  68  4  29  8  100  81  256  248  27
2025 Jan 07 15:00  7  14  3  -2  67  4  7  7  159  151  261  255  14
2025 Jan 07 14:00  8  14  3  -2  65  3  16  6  208  207  265  257  9
2025 Jan 07 13:00  7  14  3  -2  67  3  21  6  223  217  265  254  17
2025 Jan 07 12:00  6  14  3  -3  67  2  29  6  281  157  266  241  150
2025 Jan 07 11:00  5  14  3  -2  72  3  21  6  257  171  260  245  102
2025 Jan 07 10:00  4  14  3  -2  75  2  76  5  104  101  247  243  7
2025 Jan 07 09:00  3  14  3  -2  78  2  75  5  38  37  241  239  3
2025 Jan 07 08:00  4  14  3  -1  80  2  55  4  5  7  234  242  -10
2025 Jan 07 07:00  4  14  3  -1  82  2  51  4  0  0  242  245  -4
2025 Jan 07 06:00  3  14  3  -1  83  4  62  6  0  0  240  243  -4
2025 Jan 07 05:00  4  14  4  0  84  4  76  6  0  0  242  244  -4
2025 Jan 07 04:00  6  14  6  1  81  2  96  5  0  1  241  243  -5
2025 Jan 07 03:00  6  14  6  2  81  0  144  1  0  1  244  242  -2
2025 Jan 07 02:00  6  14  6  1  81  1  135  3  0  1  238  239  -4
2025 Jan 07 01:00  6  14  6  2  83  1  141  3  0  0  227  239  -15
2025 Jan 07 00:00  7  14  7  3  83  1  109  3  0  0  248  249  -2
2025 Jan 06 23:00  7  14  7  4  85  1  101  2  0  0  248  245  0
2025 Jan 06 22:00  9  14  7  5  84  1  218  2  0  0  257  256  0
2025 Jan 06 21:00  9  14  6  4  83  1  190  2  0  0  255  252  1
2025 Jan 06 20:00  9  14  5  5  83  1  168  2  0  0  255  250  3
2025 Jan 06 19:00  9  14  5  5  85  0  122  1  0  0  253  251  1
2025 Jan 06 18:00  10  14  5  5  83  1  200  2  0  0  257  257  0
2025 Jan 06 17:00  11  14  5  7  83  2  223  3  27  23  260  259  5
2025 Jan 06 16:00  14  14  5  8  79  1  212  3  115  100  272  260  26
2025 Jan 06 15:00  14  14  5  7  75  1  245  3  136  122  274  259  29
2025 Jan 06 14:00  13  13  5  7  77  2  257  5  179  158  277  266  32
2025 Jan 06 13:00  13  13  5  8  81  2  252  6  240  204  278  266  49
2025 Jan 06 12:00  12  12  5  7  79  2  249  5  203  185  277  265  30
2025 Jan 06 11:00  11  11  5  7  84  1  250  3  167  144  271  263  31
2025 Jan 06 10:00  9  10  5  5  84  1  251  3  107  89  261  261  19
2025 Jan 06 09:00  8  10  5  4  84  2  216  5  43  35  254  257  5
2025 Jan 06 08:00  8  10  5  4  84  3  233  7  4  4  253  256  -2
2025 Jan 06 07:00  8  10  5  4  84  4  257  12  0  0  254  257  -3
2025 Jan 06 06:00  8  10  5  4  84  5  265  12  0  0  253  256  -4
2025 Jan 06 05:00  7  10  5  3  84  2  220  6  0  0  252  254  -3
2025 Jan 06 04:00  7  10  5  3  83  2  213  5  0  0  249  254  -5
2025 Jan 06 03:00  7  10  5  3  84  2  205  3  0  0  249  254  -4
2025 Jan 06 02:00  7  10  5  3  84  3  223  7  0  0  249  254  -5
2025 Jan 06 01:00  7  10  5  3  83  4  257  10  0  0  248  254  -7
2025 Jan 06 00:00  7  10  5  3  82  4  276  12  0  0  248  254  -7
2025 Jan 05 23:00  7  10  5  2  82  4  288  14  0  0  248  254  -6
2025 Jan 05 22:00  7  10  5  2  81  4  288  11  0  0  247  253  -7
2025 Jan 05 21:00  6  11  5  1  82  4  266  11  0  0  243  251  -8
2025 Jan 05 20:00  5  12  5  0  80  4  243  10  0  1  223  246  -25
2025 Jan 05 19:00  5  13  5  0  77  4  234  13  0  1  218  247  -31
2025 Jan 05 18:00  6  13  6  0  76  4  250  14  0  1  221  248  -29
2025 Jan 05 17:00  7  15  6  1  76  3  303  9  37  37  185  245  -60
2025 Jan 05 16:00  9  18  6  2  72  4  302  9  187  95  192  250  35
2025 Jan 05 15:00  8  18  6  2  74  4  309  11  181  138  230  257  16
2025 Jan 05 14:00  10  22  6  3  75  3  286  9  328  228  248  263  85
2025 Jan 05 13:00  10  22  6  5  79  3  264  12  450  291  250  264  144
2025 Jan 05 12:00  8  23  6  3  80  4  253  11  405  268  241  260  118
2025 Jan 05 11:00  7  23  6  2  78  5  270  11  292  175  227  255  89
2025 Jan 05 10:00  7  23  6  3  82  3  289  13  175  135  240  256  25
2025 Jan 05 09:00  6  23  6  1  78  4  242  12  117  91  242  254  15
2025 Jan 05 08:00  6  24  6  1  82  2  216  7  14  11  246  251  -2
2025 Jan 05 07:00  6  25  6  1  83  6  225  13  0  0  245  252  -6
2025 Jan 05 06:00  6  25  6  2  83  5  212  15  0  0  247  252  -6
2025 Jan 05 05:00  6  25  6  2  83  5  223  17  0  0  245  252  -8
2025 Jan 05 04:00  7  26  7  3  83  5  249  16  0  0  246  253  -8
2025 Jan 05 03:00  7  27  7  3  84  2  209  8  0  0  253  255  -2
2025 Jan 05 02:00  7  27  7  3  84  3  236  10  0  0  252  255  -3
2025 Jan 05 01:00  7  27  7  3  84  3  244  13  0  0  253  255  -3
2025 Jan 05 00:00  8  27  8  4  84  4  239  9  0  0  254  256  -3
2025 Jan 04 23:00  8  27  8  5  84  4  266  16  0  0  254  258  -4
2025 Jan 04 22:00  9  27  9  6  85  4  238  11  0  0  257  260  -4
2025 Jan 04 21:00  11  27  11  7  85  4  275  13  0  0  257  263  -6
2025 Jan 04 20:00  12  27  12  8  86  4  275  13  0  0  262  266  -4
2025 Jan 04 19:00  13  27  13  9  86  5  240  13  0  0  264  267  -3
2025 Jan 04 18:00  13  27  13  10  86  7  227  16  0  0  244  265  -22
2025 Jan 04 17:00  15  28  15  12  87  5  252  11  18  13  267  272  -1
2025 Jan 04 16:00  18  30  18  9  69  4  251  10  168  109  239  274  24
2025 Jan 04 15:00  18  30  18  11  74  3  260  12  123  94  260  275  15
2025 Jan 04 14:00  22  30  22  3  43  3  280  10  515  108  199  268  338
2025 Jan 04 13:00  22  30  22  3  43  5  262  12  419  106  195  268  240
2025 Jan 04 12:00  23  30  23  2  40  5  266  13  514  86  188  267  349
2025 Jan 04 11:00  23  30  23  1  39  5  263  13  390  71  187  266  240
2025 Jan 04 10:00  23  30  23  2  41  5  263  16  49  60  184  268  -94
2025 Jan 04 09:00  23  30  23  1  38  5  260  11  37  37  188  267  -79
2025 Jan 04 08:00  24  30  24  1  36  5  256  15  4  6  196  269  -75
2025 Jan 04 07:00  25  30  25  -1  32  6  234  12  0  1  198  271  -76
2025 Jan 04 06:00  25  30  25  1  34  5  214  12  0  1  216  271  -58
2025 Jan 04 05:00  25  30  21  -1  32  4  212  11  0  2  188  263  -79
2025 Jan 04 04:00  26  30  17  -7  23  2  228  8  0  3  190  261  -75
2025 Jan 04 03:00  27  30  16  -8  21  1  239  4  0  3  187  259  -76
2025 Jan 04 02:00  26  30  16  -10  20  1  178  6  0  3  183  259  -80
2025 Jan 04 01:00  27  30  16  -7  22  4  239  13  0  2  187  267  -84
2025 Jan 04 00:00  26  30  15  -6  24  6  221  11  0  2  187  270  -86
2025 Jan 03 23:00  27  30  15  -4  26  6  212  10  0  2  189  271  -85
2025 Jan 03 22:00  27  30  15  -3  28  6  215  10  0  2  199  272  -77
2025 Jan 03 21:00  25  30  15  0  33  7  217  13  0  1  202  274  -75
2025 Jan 03 20:00  26  30  15  6  41  4  216  10  0  2  200  273  -77
2025 Jan 03 19:00  27  30  15  4  36  5  233  13  0  2  214  278  -67
2025 Jan 03 18:00  27  30  15  5  39  2  263  7  0  2  209  275  -70
2025 Jan 03 17:00  28  30  15  11  48  4  247  9  48  34  216  282  -51
2025 Jan 03 16:00  30  30  15  14  51  3  262  11  212  63  204  282  72
2025 Jan 03 15:00  30  30  15  16  55  4  275  12  341  97  223  288  180
2025 Jan 03 14:00  29  29  15  16  58  4  274  12  406  80  213  285  254
2025 Jan 03 13:00  29  29  15  15  56  4  260  11  538  75  206  282  386
2025 Jan 03 12:00  28  28  15  13  53  5  264  13  532  75  202  279  380
2025 Jan 03 11:00  27  27  15  7  42  6  263  13  375  70  198  273  230
2025 Jan 03 10:00  27  27  14  1  33  5  276  14  35  57  196  270  -95
2025 Jan 03 09:00  26  26  13  -5  26  4  296  13  21  27  186  265  -86
2025 Jan 03 08:00  25  25  13  -5  26  3  278  9  2  6  187  262  -79
2025 Jan 03 07:00  25  25  12  -6  25  4  264  9  0  2  185  261  -80
2025 Jan 03 06:00  25  25  12  -3  29  3  273  7  0  3  187  261  -78
2025 Jan 03 05:00  21  21  12  -1  37  5  245  9  0  2  187  262  -79
2025 Jan 03 04:00  17  17  12  12  80  6  239  11  0  2  189  261  -75
2025 Jan 03 03:00  16  17  12  13  86  4  209  14  0  3  185  256  -76
2025 Jan 03 02:00  16  17  12  13  87  1  2  5  0  3  183  250  -75
2025 Jan 03 01:00  16  17  11  13  87  4  221  12  0  2  183  259  -83
2025 Jan 03 00:00  15  17  11  12  87  7  218  14  0  2  182  260  -82
2025 Jan 02 23:00  15  17  10  12  87  4  207  10  0  2  184  258  -77
2025 Jan 02 22:00  15  17  10  12  87  6  231  11  0  1  191  259  -71
2025 Jan 02 21:00  15  17  10  12  87  5  213  11  0  1  188  257  -72
2025 Jan 02 20:00  15  17  10  12  87  7  237  14  0  0  186  261  -79
2025 Jan 02 19:00  15  17  9  12  87  7  237  11  0  1  198  261  -66
2025 Jan 02 18:00  15  17  9  12  87  6  230  11  0  1  214  265  -53
2025 Jan 02 17:00  16  17  9  13  87  6  235  10  35  27  219  267  -39
2025 Jan 02 16:00  17  17  9  14  88  5  251  14  119  87  240  272  0
2025 Jan 02 15:00  17  17  8  14  88  6  250  16  195  145  253  275  29
2025 Jan 02 14:00  17  17  8  14  88  7  250  16  216  176  257  276  21
2025 Jan 02 13:00  16  16  8  13  88  8  244  16  190  166  271  277  18
2025 Jan 02 12:00  16  16  8  13  87  9  238  17  205  177  275  277  27
2025 Jan 02 11:00  15  15  7  12  87  6  244  11  108  96  274  274  12
2025 Jan 02 10:00  14  14  6  11  87  9  236  18  84  75  271  271  10
2025 Jan 02 09:00  13  13  4  10  87  7  231  10  21  19  269  269  2
2025 Jan 02 08:00  13  13  2  10  86  7  232  10  2  2  268  268  0
2025 Jan 02 07:00  12  12  0  9  86  8  236  13  0  0  267  267  0
2025 Jan 02 06:00  12  12  -1  9  86  7  241  14  0  0  266  267  0
2025 Jan 02 05:00  12  12  -1  9  86  6  236  11  0  0  266  266  0
2025 Jan 02 04:00  12  12  -1  8  86  6  237  11  0  0  266  266  0
2025 Jan 02 03:00  12  12  -3  9  86  6  244  12  0  0  266  266  0
2025 Jan 02 02:00  12  12  -3  9  86  7  244  15  0  0  266  266  0
2025 Jan 02 01:00  11  11  -3  8  86  8  245  17  0  0  264  265  -1
2025 Jan 02 00:00  11  11  -3  7  86  7  249  15  0  0  263  264  -1
2025 Jan 01 23:00  10  10  -3  7  85  8  249  17  0  0  262  263  -1
2025 Jan 01 22:00  10  10  -3  7  85  9  243  19  0  0  261  262  -1
2025 Jan 01 21:00  10  10  -3  6  85  8  240  15  0  0  259  261  -2
2025 Jan 01 20:00  10  10  -3  6  85  7  246  15  0  0  257  261  -4
2025 Jan 01 19:00  9  9  -3  5  83  4  252  11  0  0  254  259  -5
2025 Jan 01 18:00  9  9  -3  4  83  6  240  11  0  0  252  258  -6
2025 Jan 01 17:00  9  9  -3  2  74  6  239  13  4  4  249  257  -8
2025 Jan 01 16:00  9  9  -3  2  75  5  230  13  27  23  248  257  -5
2025 Jan 01 15:00  8  8  -3  3  77  5  240  11  63  51  248  257  3
2025 Jan 01 14:00  8  8  -3  3  82  7  232  14  133  103  247  256  21
2025 Jan 01 13:00  8  8  -3  0  70  6  247  13  241  173  238  257  50
2025 Jan 01 12:00  8  8  -3  1  72  4  243  8  304  214  232  255  67
2025 Jan 01 11:00  7  7  -3  -4  60  4  244  10  254  179  233  251  57
2025 Jan 01 10:00  6  7  -3  -19  32  4  240  9  180  128  229  244  36
2025 Jan 01 09:00  4  7  -3  -19  35  4  224  7  93  65  201  233  -4
2025 Jan 01 08:00  2  7  -3  -21  33  4  215  8  14  12  162  224  -59
2025 Jan 01 07:00  0  7  -3  -15  47  5  220  7  0  2  146  221  -78
2025 Jan 01 06:00  -1  7  -3  -13  57  6  225  11  0  1  142  221  -83
2025 Jan 01 05:00  -1  7  -3  -11  61  6  221  12  0  2  142  222  -84
2025 Jan 01 04:00  -1  7  -3  -11  65  8  223  12  0  2  158  223  -68
2025 Jan 01 03:00  -3  7  -3  -9  74  7  215  10  0  1  159  220  -64
2025 Jan 01 02:00  -3  7  -3  -9  76  6  210  8  0  1  157  220  -65
2025 Jan 01 01:00  -3  7  -3  -9  78  6  210  8  0  1  145  218  -76
2025 Jan 01 00:00  -3  7  -3  -10  72  5  202  8  0  2  146  218  -75
