2025 Mar 20 20:00     16   20    0   -4  41   5 267  17     3     8   166   253   -92
2025 Mar 20 19:00     19   20    0   -6  33   5 264  16   133    98   173   262   -54
2025 Mar 20 18:00     20   20    0    1  42   7 252  17   352   200   178   269    61
2025 Mar 20 17:00     19   19    0   -2  39   6 257  17   270   171   221   272    48
2025 Mar 20 16:00     19   19    0    2  47   4 268  16   293   205   254   277    65
2025 Mar 20 15:00     18   19    0    7  60   4 263  13   352   271   255   276    60
2025 Mar 20 14:00     19   19    0    3  50   5 261  17   465   285   241   274   147
2025 Mar 20 13:00     19   19    0    0  43   8 251  15   725   391   210   271   273
2025 Mar 20 12:00     18   18    0   -5  36   7 242  18   699   373   203   265   264
2025 Mar 20 11:00     15   15    0  -14  26   3 240   8   591   285   184   253   237
2025 Mar 20 10:00     12   12    0  -13  32   4 214   8   370   184   169   241   114
2025 Mar 20 09:00      9    9    0  -17  29   3 198   6   194   104   166   233    22
2025 Mar 20 08:00      7    8    0  -15  37   3 186   4    27    22   153   225   -66
2025 Mar 20 07:00      8    8    0  -16  33   1 197   4     0     3   141   220   -83
2025 Mar 20 06:00      5    8    0  -19  32   2 181   5     0     3   137   219   -86
2025 Mar 20 05:00      7    8    0   -7  54   3 140  10     0     2   137   223   -92
2025 Mar 20 04:00      4    8    0  -19  32   3 123  11     0     4   183   224   -47
2025 Mar 20 03:00      0    8    0   -6  77   3 177   6     0     2   179   222   -46
2025 Mar 20 02:00      1    8    1   -4  77   3 240   6     0     2   159   222   -67
2025 Mar 20 01:00      1    8    1   -6  74   3 203   6     0     2   153   222   -72
2025 Mar 20 24:00      1    8    1   -5  73   2 183   5     0     2   149   222   -76
2025 Mar 19 23:00      2    8    1   -6  68   3 252  11     0     2   152   227   -79
2025 Mar 19 22:00      3    8    1   -4  74   4 306  13     0     2   159   232   -77
2025 Mar 19 21:00      2    8    1   -6  70   5 330  16     0     1   168   233   -68
2025 Mar 19 20:00      3    9    1   -7  64   6 327  12     4    11   142   233   -97
2025 Mar 19 19:00      6   11    1   -8  54   6 317  15   144   107   147   241   -57
2025 Mar 19 18:00      8   13    1   -5  57   4 307  11   427   277   192   254    89
2025 Mar 19 17:00      7   15    1   -1  71   5 316  12   375   238   194   250    81
2025 Mar 19 16:00      8   15    1   -4  59   4 299  13   567   324   190   253   181
2025 Mar 19 15:00      8   15    1   -4  60   4 315  14   788   415   188   255   305
2025 Mar 19 14:00      7   18    1   -1  69   4 334  10   607   438   243   258   153
2025 Mar 19 13:00      6   24    1   -2  70   5 322  10   587   393   226   255   166
2025 Mar 19 12:00      5   24    1   -4  65   4 326  11   673   355   200   250   268
2025 Mar 19 11:00      4   24    1   -5  65   4 337   9   420   295   232   251   106
2025 Mar 19 10:00      3   24    1   -5  69   4 321  11   265   193   229   247    54
2025 Mar 19 09:00      2   24    1   -5  73   5 336  13   110    80   228   243    14
2025 Mar 19 08:00      1   24    1   -5  76   6 347  16    20    15   231   242    -7
2025 Mar 19 07:00      1   24    1   -5  76   5 329  12     0     0   234   242    -9
2025 Mar 19 06:00      1   24    1   -4  77   5 329  13     0     0   234   243   -10
2025 Mar 19 05:00      2   24    2   -4  77   5 329  13     0     0   234   244   -10
2025 Mar 19 04:00      3   24    3   -2  81   5 325  12     0     0   237   246   -10
2025 Mar 19 03:00      4   24    4   -1  82   4 315  13     0     0   243   249    -6
2025 Mar 19 02:00      5   25    5    0  83   5 318  19     0     0   245   250    -5
2025 Mar 19 01:00      5   25    5    1  81   5 319  14     0     0   247   252    -6
2025 Mar 19 24:00      6   25    6    2  81   5 288  14     0     0   250   254    -5
2025 Mar 18 23:00      7   25    7    3  84   5 319  14     0     0   249   255    -6
2025 Mar 18 22:00      7   25    7    3  82   6 313  20     0     0   252   256    -5
2025 Mar 18 21:00      8   25    8    4  82   6 308  16     0     0   255   258    -4
2025 Mar 18 20:00      9   25    9    5  85   7 308  20     3     2   255   259    -4