2025 Jan 21 00:00  -6  -6  -15  -17  60  17  323  26  0  0  98  202  -104  -28.00
2025 Jan 20 23:00  -9  -5  -15  -16  69  20  315  35  0  0  93  202  -109  -28.30
2025 Jan 20 22:00  -11  -5  -15  -16  78  15  331  26  0  0  88  195  -107  -30.80
2025 Jan 20 21:00  -13  -5  -15  -16  83  21  315  37  0  0  88  197  -109  -29.70
2025 Jan 20 20:00  -14  -5  -15  -17  83  16  328  31  0  0  85  191  -106  -31.50
2025 Jan 20 19:00  -15  -5  -15  -19  83  12  315  25  0  0  84  184  -100  -32.25
2025 Jan 20 18:00  -14  -5  -14  -18  83  12  309  20  2  4  85  185  -102  -33.00
2025 Jan 20 17:00  -13  -5  -13  -16  83  16  304  22  26  26  86  194  -108  -30.50
2025 Jan 20 16:00  -12  -4  -12  -15  83  15  308  26  228  161  91  199  -41  -28.20
2025 Jan 20 15:00  -12  -3  -12  -15  83  14  326  24  491  382  95  208  -4  -25.50
2025 Jan 20 14:00  -12  -3  -12  -15  83  11  330  17  678  514  97  213  48  -24.00
2025 Jan 20 13:00  -12  -2  -12  -16  83  8  15  15  607  544  131  219  -25  -22.20
2025 Jan 20 12:00  -12  -2  -12  -15  83  8  2  16  520  477  165  221  -13  -22.10
2025 Jan 20 11:00  -10  -2  -11  -14  83  5  360  14  370  336  208  223  19  -21.80
2025 Jan 20 10:00  -11  -2  -11  -15  83  9  323  17  241  222  207  218  8  -23.10
2025 Jan 20 09:00  -10  -2  -10  -14  83  14  310  21  96  88  214  216  6  -23.60
2025 Jan 20 08:00  -9  -2  -9  -13  84  16  314  25  11  10  218  218  1  -23.20
2025 Jan 20 07:00  -9  -2  -9  -13  84  19  310  25  0  0  218  219  -1  -23.10
2025 Jan 20 06:00  -8  -2  -8  -12  84  17  308  23  0  0  221  221  0  -22.60
2025 Jan 20 05:00  -8  -2  -8  -11  84  15  310  24  0  0  224  223  1  -22.00
2025 Jan 20 04:00  -7  -2  -7  -10  85  15  311  21  0  0  226  225  1  -21.90
2025 Jan 20 03:00  -6  -2  -9  -10  85  11  314  22  0  0  227  225  2  -21.40
2025 Jan 20 02:00  -6  -2  -11  -9  85  13  314  23  0  0  227  224  3  -21.50
2025 Jan 20 01:00  -6  -2  -11  -9  85  14  309  22  0  0  221  222  -1  -22.20
2025 Jan 20 00:00  -6  -2  -11  -9  85  14  309  22  0  0  224  223  1  -21.70
2025 Jan 19 23:00  -5  -2  -11  -9  85  15  308  24  0  0  221  223  -2  -21.90
2025 Jan 19 22:00  -6  -2  -11  -9  85  14  306  19  0  0  218  221  -3  -22.30
2025 Jan 19 21:00  -6  -2  -11  -9  85  14  303  21  0  0  222  224  -2  -21.60
2025 Jan 19 20:00  -6  -2  -11  -9  85  12  305  20  0  0  209  222  -13  -22.00
2025 Jan 19 19:00  -5  -2  -11  -9  85  17  303  24  0  0  216  226  -10  -21.00
2025 Jan 19 18:00  -5  -2  -11  -8  85  14  307  27  4  4  224  229  -5  -20.60
2025 Jan 19 17:00  -5  -2  -11  -8  84  8  325  27  60  52  225  230  3  -20.20
2025 Jan 19 16:00  -4  -2  -11  -8  83  16  305  33  169  146  220  231  12  -20.00
2025 Jan 19 15:00  -3  -2  -11  -10  72  6  279  23  269  230  219  234  24  -19.10
2025 Jan 19 14:00  -3  -2  -11  -12  65  6  101  20  353  302  219  235  35  -18.30
2025 Jan 19 13:00  -2  -2  -11  -20  41  8  343  20  442  374  216  236  48  -18.30
2025 Jan 19 12:00  -3  -3  -11  -16  53  5  309  19  487  407  210  235  55  -20.30
2025 Jan 19 11:00  -4  -3  -11  -18  51  9  300  24  342  292  214  228  36  -20.30
2025 Jan 19 10:00  -3  -3  -11  -16  53  10  304  26  243  207  212  225  23  -21.00
2025 Jan 19 09:00  -4  -3  -11  -19  47  8  303  20  157  145  178  213  -23  -24.10
2025 Jan 19 08:00  -5  -2  -11  -18  54  8  286  19  20  29  125  200  -84  -28.00
2025 Jan 19 07:00  -4  0  -11  -16  58  13  303  22  0  0  123  203  -80  -27.10
2025 Jan 19 06:00  -4  2  -11  -14  64  9  299  19  0  0  138  200  -62  -27.80
2025 Jan 19 05:00  -6  4  -11  -13  69  6  266  17  0  0  141  196  -55  -28.40
2025 Jan 19 04:00  -7  6  -11  -13  75  9  291  20  0  0  115  194  -79  -29.30
2025 Jan 19 03:00  -9  7  -11  -13  82  10  288  17  0  0  120  195  -75  -29.00
2025 Jan 19 02:00  -11  8  -11  -15  84  15  290  22  0  0  115  198  -83  -28.40
2025 Jan 19 01:00  -11  9  -11  -15  84  21  302  25  0  0  106  200  -94  -28.10
2025 Jan 19 00:00  -11  10  -11  -14  84  17  302  21  0  0  102  197  -95  -29.40
2025 Jan 18 23:00  -10  10  -10  -14  84  17  308  23  0  0  103  199  -96  -29.00
2025 Jan 18 22:00  -10  10  -10  -14  84  14  328  21  0  0  111  200  -89  -28.90
2025 Jan 18 21:00  -10  11  -10  -14  84  12  318  19  0  0  113  199  -86  -29.30
2025 Jan 18 20:00  -10  11  -10  -13  84  13  310  22  0  0  157  211  -54  -25.80
2025 Jan 18 19:00  -9  12  -9  -13  84  10  314  23  0  0  203  219  -16  -23.50
2025 Jan 18 18:00  -8  12  -8  -12  84  9  324  22  4  4  201  220  -19  -23.20
2025 Jan 18 17:00  -7  13  -7  -11  85  10  311  24  74  64  215  226  -1  -21.60
2025 Jan 18 16:00  -6  14  -6  -10  85  11  299  26  169  147  216  229  9  -20.90
2025 Jan 18 15:00  -5  14  -5  -9  85  16  304  24  334  292  224  231  35  -19.80
2025 Jan 18 14:00  -5  14  -5  -8  86  16  304  25  331  297  228  231  31  -19.60
2025 Jan 18 13:00  -4  14  -5  -8  86  18  312  28  372  338  229  232  31  -19.20
2025 Jan 18 12:00  -4  14  -5  -8  86  20  309  32  513  456  227  233  51  -19.00
2025 Jan 18 11:00  -5  14  -5  -8  86  20  312  34  477  421  224  234  46  -19.00
2025 Jan 18 10:00  -4  14  -4  -7  86  23  312  41  357  310  211  231  27  -19.30
2025 Jan 18 09:00  -3  14  -3  -7  86  21  315  35  182  160  225  233  14  -18.90
2025 Jan 18 08:00  -2  14  -2  -5  87  22  311  33  16  15  228  235  -6  -18.70
2025 Jan 18 07:00  0  14  0  -3  87  19  320  35  0  0  237  240  -3  -17.50
2025 Jan 18 06:00  2  14  2  -1  88  12  2  43  0  0  239  242  -3  -17.00
2025 Jan 18 05:00  4  14  4  1  88  13  41  36  0  0  248  248  0  -15.60
2025 Jan 18 04:00  6  14  6  3  89  15  50  34  0  0  253  252  1  -14.50
2025 Jan 18 03:00  7  14  7  5  89  12  77  30  0  0  255  254  1  -13.80
2025 Jan 18 02:00  8  16  8  6  90  10  64  29  0  0  254  255  -1  -13.60
2025 Jan 18 01:00  9  18  9  6  87  9  84  24  0  0  252  256  -4  -13.50
2025 Jan 18 00:00  10  20  10  6  86  10  62  30  0  0  255  258  -3  -13.00
2025 Jan 17 23:00  10  21  10  7  86  8  75  29  0  0  255  258  -3  -12.90
2025 Jan 17 22:00  10  22  10  7  84  8  70  16  0  0  251  258  -7  -13.10
2025 Jan 17 21:00  11  23  11  6  82  8  47  28  0  0  247  256  -9  -13.50
2025 Jan 17 20:00  11  23  11  6  78  8  28  29  0  0  232  252  -20  -14.20
2025 Jan 17 19:00  12  23  12  3  68  6  11  21  0  0  235  249  -14  -14.90
2025 Jan 17 18:00  12  23  12  1  61  8  324  21  1  4  161  236  -78  -18.10
2025 Jan 17 17:00  13  23  12  1  58  10  323  25  27  26  153  238  -84  -17.60
2025 Jan 17 16:00  14  25  12  1  56  7  345  21  205  142  153  243  -27  -15.80
2025 Jan 17 15:00  14  26  12  2  60  11  316  27  236  181  209  257  7  -12.40
2025 Jan 17 14:00  13  26  12  1  58  13  311  24  329  272  253  265  45  -10.80
2025 Jan 17 13:00  14  26  12  0  54  17  307  25  490  402  257  268  77  -10.10
2025 Jan 17 12:00  14  26  12  -2  49  17  305  23  646  515  192  263  60  -10.70
2025 Jan 17 11:00  14  26  12  0  54  20  301  24  523  431  154  255  -9  -12.60
2025 Jan 17 10:00  13  26  12  -3  49  20  301  25  374  329  142  250  -63  -13.90
2025 Jan 17 09:00  12  26  12  3  67  18  302  25  179  182  139  245  -109  -15.30
2025 Jan 17 08:00  13  26  13  6  75  22  301  27  18  28  138  241  -113  -16.00
2025 Jan 17 07:00  13  26  13  3  63  22  301  27  0  0  138  240  -102  -16.00
2025 Jan 17 06:00  13  26  13  6  76  14  296  24  0  0  142  235  -93  -17.60
2025 Jan 17 05:00  13  26  13  7  79  11  293  21  0  0  145  231  -86  -18.50
2025 Jan 17 04:00  13  26  13  5  71  11  288  20  0  0  142  227  -85  -19.30
2025 Jan 17 03:00  14  26  14  2  59  7  278  16  0  0  140  219  -79  -21.60
2025 Jan 17 02:00  16  26  16  -4  41  7  271  16  0  0  138  220  -82  -21.60
2025 Jan 17 01:00  18  26  18  -8  31  7  280  19  0  0  139  221  -82  -21.40
2025 Jan 17 00:00  20  26  20  -11  24  10  255  24  0  0  138  230  -92  -18.60
2025 Jan 16 23:00  21  26  21  -13  21  15  261  28  0  0  136  233  -97  -17.40
2025 Jan 16 22:00  22  26  21  -19  15  12  260  21  0  0  135  224  -89  -20.40
2025 Jan 16 21:00  23  26  21  -23  12  9  265  18  0  0  132  223  -91  -20.80
2025 Jan 16 20:00  21  26  21  -20  15  10  263  18  0  0  133  223  -90  -20.90
2025 Jan 16 19:00  22  26  21  -7  28  8  273  13  0  0  138  223  -85  -20.90
2025 Jan 16 18:00  21  26  21  -12  22  8  273  13  0  2  146  227  -83  -19.80
2025 Jan 16 17:00  21  26  21  0  40  6  270  11  19  21  153  226  -75  -20.10
2025 Jan 16 16:00  25  26  21  -3  30  5  245  9  199  136  154  238  -21  -16.30
2025 Jan 16 15:00  26  29  21  -2  30  5  242  14  421  334  152  253  -14  -11.50
2025 Jan 16 14:00  26  29  21  -3  28  7  230  12  607  441  146  261  51  -9.80
2025 Jan 16 13:00  26  29  21  -2  29  6  243  13  646  493  150  265  38  -8.80
2025 Jan 16 12:00  26  29  21  1  34  4  222  13  613  483  150  264  16  -9.00
2025 Jan 16 11:00  25  29  21  1  35  5  230  11  516  423  154  257  -10  -10.70
2025 Jan 16 10:00  24  29  19  0  34  3  247  9  361  316  158  247  -44  -13.50
2025 Jan 16 09:00  24  29  17  0  36  5  231  13  171  172  161  239  -79  -16.00
2025 Jan 16 08:00  24  29  14  0  35  7  224  15  15  26  161  236  -86  -17.40
2025 Jan 16 07:00  24  29  12  1  37  6  227  14  0  0  164  234  -70  -18.00
2025 Jan 16 06:00  23  29  8  0  36  5  255  11  0  0  164  230  -66  -19.20
2025 Jan 16 05:00  24  29  5  4  41  7  220  17  0  0  167  239  -72  -16.60
2025 Jan 16 04:00  25  29  4  6  43  6  223  18  0  0  169  236  -67  -17.40
2025 Jan 16 03:00  26  29  4  4  39  5  257  13  0  0  172  233  -61  -18.20
2025 Jan 16 02:00  26  29  3  4  39  6  264  9  0  0  173  232  -59  -18.20
2025 Jan 16 01:00  24  29  1  2  38  6  286  12  0  0  174  233  -59  -18.30
2025 Jan 16 00:00  21  29  1  2  43  9  292  13  0  0  175  236  -61  -17.50
2025 Jan 15 23:00  22  29  -1  2  43  8  284  12  0  0  175  237  -62  -16.90
2025 Jan 15 22:00  23  29  -1  4  43  8  297  14  0  0  175  237  -62  -17.20
2025 Jan 15 21:00  21  29  -1  3  45  9  297  13  0  0  174  235  -61  -17.80
2025 Jan 15 20:00  25  29  -1  6  44  6  254  11  0  0  174  232  -58  -17.90
2025 Jan 15 19:00  24  29  -1  4  43  7  270  11  0  0  173  235  -62  -17.50
2025 Jan 15 18:00  22  29  -1  4  46  9  281  11  0  2  173  237  -66  -16.90
2025 Jan 15 17:00  22  29  -1  5  47  8  279  11  20  21  173  237  -65  -16.90
2025 Jan 15 16:00  26  29  -1  8  47  6  276  10  191  132  174  244  -11  -14.90
2025 Jan 15 15:00  29  29  -1  7  39  4  46  10  407  328  174  260  -7  -10.10
2025 Jan 15 14:00  28  28  -1  5  37  5  36  12  587  434  174  268  59  -8.40
2025 Jan 15 13:00  27  27  -1  5  38  3  115  10  625  489  172  267  41  -8.40
2025 Jan 15 12:00  27  27  -1  1  33  3  136  10  597  482  168  263  20  -9.50
2025 Jan 15 11:00  23  23  -1  -4  30  3  23  10  507  425  165  254  -7  -11.70
2025 Jan 15 10:00  19  19  -1  -8  30  6  345  20  362  322  157  242  -45  -15.30
2025 Jan 15 09:00  17  17  -2  -21  17  6  317  20  174  178  141  230  -93  -19.00
2025 Jan 15 08:00  14  14  -3  -19  21  9  302  25  16  27  132  223  -102  -21.50
2025 Jan 15 07:00  12  12  -4  -18  24  10  333  27  0  0  125  218  -93  -22.90
2025 Jan 15 06:00  8  8  -4  -25  21  6  20  11  0  0  120  197  -77  -30.20
2025 Jan 15 05:00  5  5  -5  -26  22  4  11  9  0  0  114  189  -75  -32.80
2025 Jan 15 04:00  4  4  -6  -20  32  4  338  13  0  0  109  193  -84  -31.20
2025 Jan 15 03:00  4  4  -6  -21  30  9  330  18  0  0  107  202  -95  -28.30
2025 Jan 15 02:00  3  4  -6  -13  45  8  312  17  0  0  106  197  -91  -29.60
2025 Jan 15 01:00  1  4  -6  -14  52  6  303  13  0  0  108  191  -83  -31.60
2025 Jan 15 00:00  2  4  -6  -11  54  7  291  17  0  0  106  192  -86  -30.90
2025 Jan 14 23:00  -1  4  -6  -11  62  9  304  12  0  0  110  195  -85  -30.10
2025 Jan 14 22:00  2  4  -6  -6  69  10  319  17  0  0  117  203  -86  -27.70
2025 Jan 14 21:00  2  4  -6  -5  72  11  321  19  0  0  121  205  -84  -27.00
2025 Jan 14 20:00  1  4  -6  -7  71  8  316  17  0  0  123  202  -79  -28.00
2025 Jan 14 19:00  1  4  -6  -6  72  6  275  10  0  0  127  198  -71  -28.80
2025 Jan 14 18:00  1  4  -6  -5  75  5  309  16  0  2  129  202  -75  -27.80
2025 Jan 14 17:00  2  4  -6  -4  75  9  310  18  21  22  129  208  -80  -25.90
2025 Jan 14 16:00  4  4  -6  -3  74  3  329  12  196  132  128  210  -18  -24.80
2025 Jan 14 15:00  4  4  -6  -2  76  11  327  18  449  344  128  228  5  -19.20
2025 Jan 14 14:00  3  3  -6  -4  73  11  316  19  685  453  126  233  125  -17.90
2025 Jan 14 13:00  2  3  -6  -2  84  7  27  17  769  508  126  234  153  -17.50
2025 Jan 14 12:00  2  3  -6  -3  79  11  356  21  790  502  126  232  182  -18.20
2025 Jan 14 11:00  0  3  -6  -4  84  4  22  14  656  427  150  229  150  -19.10
2025 Jan 14 10:00  -1  3  -6  -4  86  4  44  10  498  328  135  215  90  -23.30
2025 Jan 14 09:00  -2  3  -6  -6  82  7  43  12  265  178  128  205  10  -27.20
2025 Jan 14 08:00  -3  3  -6  -8  80  7  320  13  35  26  124  194  -61  -30.60
2025 Jan 14 07:00  -4  3  -6  -8  81  7  305  13  0  0  122  193  -71  -30.60
2025 Jan 14 06:00  -4  3  -6  -8  83  6  295  10  0  0  122  190  -68  -31.40
2025 Jan 14 05:00  -5  3  -6  -8  87  7  307  13  0  0  131  192  -61  -30.80
2025 Jan 14 04:00  -6  3  -6  -9  87  7  283  12  0  0  190  192  -2  -30.40
2025 Jan 14 03:00  -5  3  -6  -8  85  3  280  8  0  0  200  188  12  -32.30
2025 Jan 14 02:00  -4  3  -6  -7  89  4  292  10  0  0  197  190  7  -31.40
2025 Jan 14 01:00  -5  3  -6  -8  87  3  273  7  0  0  194  190  4  -29.80
2025 Jan 14 00:00  -3  3  -6  -6  87  6  296  12  0  0  196  201  -5  -28.20
2025 Jan 13 23:00  -1  3  -6  -4  87  10  304  14  0  0  206  220  -14  -22.50
2025 Jan 13 22:00  1  3  -6  -2  89  9  307  16  0  0  219  230  -11  -19.90
2025 Jan 13 21:00  1  3  -6  -2  89  9  305  17  0  0  230  235  -5  -18.70
2025 Jan 13 20:00  1  3  -6  -1  89  12  294  20  0  0  204  227  -23  -20.30
2025 Jan 13 19:00  1  3  -6  -1  89  13  300  19  0  0  205  230  -25  -19.60
2025 Jan 13 18:00  2  3  -6  -1  90  11  296  18  1  2  176  226  -51  -20.80
2025 Jan 13 17:00  3  3  -6  0  89  9  310  16  64  54  209  235  -16  -18.50
2025 Jan 13 16:00  3  3  -6  0  88  9  313  16  234  188  202  238  10  -17.60
2025 Jan 13 15:00  3  5  -6  0  87  11  305  15  320  237  175  233  25  -18.40
2025 Jan 13 14:00  3  5  -6  0  87  7  280  13  671  420  163  236  178  -17.00
2025 Jan 13 13:00  3  5  -6  0  84  6  270  10  453  341  161  230  43  -19.00
2025 Jan 13 12:00  3  5  -6  -1  83  6  271  14  613  498  129  233  11  -17.50
2025 Jan 13 11:00  2  5  -6  -3  82  6  277  12  571  437  127  224  37  -20.00
2025 Jan 13 10:00  0  5  -6  -4  82  8  294  15  486  329  120  216  61  -22.70
2025 Jan 13 09:00  -4  5  -6  -7  85  5  292  9  334  190  127  198  73  -28.30
2025 Jan 13 08:00  -6  5  -6  -10  83  5  280  9  38  26  152  189  -25  -31.60
2025 Jan 13 07:00  -5  5  -7  -9  85  7  284  11  0  0  156  189  -33  -31.70
2025 Jan 13 06:00  -3  5  -7  -5  89  6  225  10  0  0  156  192  -36  -31.10
2025 Jan 13 05:00  -3  5  -7  -6  88  4  256  9  0  0  150  192  -42  -30.70
2025 Jan 13 04:00  -4  5  -7  -7  86  4  273  9  0  0  134  193  -59  -30.60
2025 Jan 13 03:00  -4  5  -7  -7  87  5  286  12  0  0  137  196  -59  -29.70
2025 Jan 13 02:00  -2  5  -7  -5  86  5  251  9  0  0  160  203  -43  -27.50
2025 Jan 13 01:00  -2  5  -7  -6  85  5  259  10  0  0  124  192  -68  -30.80
2025 Jan 13 00:00  0  5  -7  -4  85  6  240  15  0  0  158  206  -48  -26.50
2025 Jan 12 23:00  -2  5  -7  -5  90  5  250  10  0  0  146  194  -48  -30.00
2025 Jan 12 22:00  -2  5  -7  -4  90  5  262  8  0  0  127  192  -65  -30.70
2025 Jan 12 21:00  -1  5  -7  -3  88  4  239  9  0  0  127  195  -68  -30.10
2025 Jan 12 20:00  -1  5  -7  -4  87  5  246  9  0  0  148  199  -51  -28.50
2025 Jan 12 19:00  -2  5  -7  -5  86  4  276  8  0  0  143  196  -53  -29.40
2025 Jan 12 18:00  -1  5  -7  -4  88  4  283  8  0  2  139  198  -61  -28.90
2025 Jan 12 17:00  0  5  -7  -3  88  10  277  13  29  28  136  207  -70  -25.90
2025 Jan 12 16:00  2  5  -7  -2  84  9  270  12  187  133  131  209  -24  -20.40
2025 Jan 12 15:00  5  5  -7  0  80  3  259  7  429  352  133  222  -12  -20.40
2025 Jan 12 14:00  3  4  -7  -1  83  3  242  10  389  308  148  222  7  -21.00
2025 Jan 12 13:00  4  5  -7  -1  82  4  253  6  609  483  125  228  23  -18.70
2025 Jan 12 12:00  3  6  -7  -1  85  4  206  8  607  497  121  226  5  -19.40
2025 Jan 12 11:00  0  6  -7  -4  83  7  259  10  521  444  116  219  -26  -21.70
2025 Jan 12 10:00  0  8  -7  -4  81  7  243  10  368  334  113  210  -63  -24.60
2025 Jan 12 09:00  -2  11  -7  -6  84  7  249  10  138  182  111  198  -131  -28.40
2025 Jan 12 08:00  -6  14  -7  -10  83  8  296  12  8  26  109  190  -99  -31.30
2025 Jan 12 07:00  -7  16  -7  -10  85  8  292  11  0  0  111  189  -78  -31.60
2025 Jan 12 06:00  -4  17  -4  -7  85  6  311  10  0  0  113  189  -76  -31.70
2025 Jan 12 05:00  -3  17  -4  -6  87  5  329  10  0  0  114  192  -78  -31.00
2025 Jan 12 04:00  -3  17  -4  -7  86  5  277  10  0  0  116  192  -76  -30.80
2025 Jan 12 03:00  -4  17  -4  -7  88  3  282  9  0  0  118  188  -70  -32.10
2025 Jan 12 02:00  -2  21  -2  -5  87  4  347  13  0  0  119  195  -76  -30.10
2025 Jan 12 01:00  -2  21  -2  -4  89  12  318  16  0  0  126  208  -82  -26.00
2025 Jan 12 00:00  -1  21  -1  -4  88  11  318  20  0  0  153  217  -64  -23.40
2025 Jan 11 23:00  0  23  0  -3  89  5  338  17  0  0  188  225  -37  -21.40
2025 Jan 11 22:00  1  25  1  -2  89  14  333  26  0  0  187  231  -44  -19.90
2025 Jan 11 21:00  1  25  1  -1  89  5  334  21  0  0  235  240  -5  -17.50
2025 Jan 11 20:00  1  25  1  -1  89  9  340  19  0  0  235  240  -5  -17.40
2025 Jan 11 19:00  1  25  1  -1  89  11  346  19  0  0  237  241  -4  -17.30
2025 Jan 11 18:00  1  25  1  -1  89  10  333  21  3  3  240  242  -2  -17.10
2025 Jan 11 17:00  2  25  2  -1  89  11  318  32  73  65  239  243  4  -15.80
2025 Jan 11 16:00  3  25  3  0  89  17  309  30  254  222  234  245  21  -15.80
2025 Jan 11 15:00  3  25  3  1  90  16  310  34  248  222  244  246  24  -15.50
2025 Jan 11 14:00  4  25  4  2  90  20  304  30  460  402  238  250  46  -14.60
2025 Jan 11 13:00  5  25  5  3  90  17  311  30  559  492  246  253  60  -13.80
2025 Jan 11 12:00  6  25  6  3  89  14  312  28  445  397  251  253  46  -13.90
2025 Jan 11 11:00  6  25  6  4  90  14  306  22  360  319  251  255  37  -13.10
2025 Jan 11 10:00  8  25  7  6  91  22  309  34  212  191  256  256  21  -13.10
2025 Jan 11 09:00  11  25  5  9  92  18  324  41  93  84  264  263  10  -11.70
2025 Jan 11 08:00  14  25  3  13  93  13  345  36  7  6  274  271  4  -10.00
2025 Jan 11 07:00  16  25  1  14  94  12  26  37  0  0  275  274  1  -9.30
2025 Jan 11 06:00  17  25  -1  16  94  12  56  31  0  0  278  276  2  -8.60
2025 Jan 11 05:00  17  25  -3  15  94  9  62  36  0  0  277  276  1  -8.70
2025 Jan 11 04:00  15  25  -4  13  93  5  61  15  0  0  274  271  3  -9.80
2025 Jan 11 03:00  17  25  -4  15  90  19  310  32  0  0  271  271  0  -9.90
2025 Jan 11 02:00  21  25  -4  14  73  6  87  15  0  0  281  277  4  -8.20
2025 Jan 11 01:00  21  25  -4  10  63  7  319  26  0  0  274  273  1  -9.00
2025 Jan 11 00:00  21  25  -4  11  65  11  308  28  0  0  259  271  -12  -9.30
