2025 Jan 21 00:00  -20  -8  -20  -25  78  2  164  12.99  0  0  156  182  -26
2025 Jan 20 23:00  -19  -8  -19  -24  79  2  172  13.00  0  0  154  181  -27
2025 Jan 20 22:00  -18  -8  -18  -23  79  2  187  12.99  0  0  151  180  -29
2025 Jan 20 21:00  -18  -8  -18  -23  79  2  189  12.99  0  0  142  180  -38
2025 Jan 20 20:00  -16  -8  -16  -21  79  3  303  12.99  0  0  141  186  -45
2025 Jan 20 19:00  -16  -7  -16  -20  79  5  316  12.99  0  0  150  193  -43
2025 Jan 20 18:00  -15  -5  -15  -20  78  7  317  12.98  0  2  140  195  -57
2025 Jan 20 17:00  -14  -4  -14  -20  75  8  308  12.97  30  27  126  195  -66
2025 Jan 20 16:00  -13  -3  -14  -20  72  8  314  12.96  207  128  121  200  0
2025 Jan 20 15:00  -13  -3  -14  -19  73  8  325  12.95  518  290  129  210  147
2025 Jan 20 14:00  -12  -3  -14  -18  76  6  334  12.95  458  331  182  222  87
2025 Jan 20 13:00  -13  -3  -14  -18  77  7  332  12.94  508  345  164  217  110
2025 Jan 20 12:00  -14  -3  -14  -19  77  6  330  12.94  237  199  178  213  3
2025 Jan 20 11:00  -13  -3  -13  -18  77  6  326  12.94  380  267  157  212  58
2025 Jan 20 10:00  -13  -3  -13  -18  79  6  330  12.94  290  220  160  211  19
2025 Jan 20 09:00  -12  -3  -12  -16  80  4  334  12.93  82  72  195  215  -10
2025 Jan 20 08:00  -10  -3  -14  -15  81  5  310  12.92  10  10  211  219  -8
2025 Jan 20 07:00  -9  -3  -14  -14  82  4  314  12.91  0  0  218  221  -3
2025 Jan 20 06:00  -9  -3  -15  -13  81  4  302  12.90  0  0  218  221  -3
2025 Jan 20 05:00  -8  -3  -15  -13  81  5  300  12.90  0  0  220  222  -2
2025 Jan 20 04:00  -8  -3  -15  -12  82  4  309  12.89  0  0  221  222  -1
2025 Jan 20 03:00  -8  -3  -15  -12  82  2  325  12.88  0  0  221  222  -1
2025 Jan 20 02:00  -9  -3  -15  -13  82  0  151  12.87  0  0  220  220  0
2025 Jan 20 01:00  -9  -3  -16  -13  82  0  184  12.87  0  0  218  214  4
2025 Jan 20 00:00  -8  -3  -16  -12  82  0  193  12.87  0  0  219  216  3
2025 Jan 19 23:00  -9  -3  -16  -13  83  1  330  12.87  0  0  217  215  2
2025 Jan 19 22:00  -9  -3  -16  -13  82  1  240  12.86  0  0  209  209  0
2025 Jan 19 21:00  -9  -3  -16  -13  82  0  260  12.86  0  0  205  210  -5
2025 Jan 19 20:00  -8  -3  -16  -12  82  2  301  12.85  0  0  180  207  -27
2025 Jan 19 19:00  -7  -3  -16  -11  83  4  310  12.85  0  0  177  213  -36
2025 Jan 19 18:00  -5  -3  -16  -9  83  4  311  12.85  0  0  189  220  -31
2025 Jan 19 17:00  -4  -3  -16  -8  83  3  314  12.84  48  40  209  230  -13
2025 Jan 19 16:00  -3  -3  -16  -8  81  3  266  12.83  141  116  216  236  5
2025 Jan 19 15:00  -3  -3  -16  -7  81  2  301  12.83  264  217  220  241  26
2025 Jan 19 14:00  -3  -3  -16  -7  80  3  278  12.81  319  265  225  243  36
2025 Jan 19 13:00  -3  -3  -16  -8  80  3  262  12.80  400  319  217  242  56
2025 Jan 19 12:00  -5  -3  -16  -9  80  3  265  12.80  377  277  188  232  56
2025 Jan 19 11:00  -6  -3  -16  -11  79  3  245  12.79  370  277  208  231  70
2025 Jan 19 10:00  -8  -3  -16  -13  79  2  251  12.79  209  167  217  227  32
2025 Jan 19 09:00  -12  -3  -16  -16  80  1  176  12.80  97  78  205  214  10
2025 Jan 19 08:00  -14  -2  -16  -18  80  2  182  12.80  18  15  184  200  -13
2025 Jan 19 07:00  -14  -1  -16  -19  79  1  216  12.79  0  0  184  199  -15
2025 Jan 19 06:00  -15  -1  -16  -19  79  1  220  12.80  0  0  176  194  -18
2025 Jan 19 05:00  -15  0  -16  -20  78  1  246  12.80  0  0  170  191  -21
2025 Jan 19 04:00  -13  1  -16  -18  77  2  309  12.80  0  0  170  197  -27
2025 Jan 19 03:00  -13  2  -16  -18  77  6  310  12.80  0  0  173  203  -30
2025 Jan 19 02:00  -15  5  -16  -20  80  2  281  12.80  0  0  168  193  -25
2025 Jan 19 01:00  -16  9  -16  -20  80  1  209  12.80  0  0  164  190  -26
2025 Jan 19 00:00  -16  10  -16  -20  80  1  218  12.80  0  0  160  190  -30
2025 Jan 18 23:00  -15  10  -15  -19  80  1  276  12.80  0  0  153  193  -40
2025 Jan 18 22:00  -13  12  -13  -17  81  6  324  12.79  0  0  155  203  -48
2025 Jan 18 21:00  -11  12  -11  -16  81  5  318  12.79  0  0  166  207  -41
2025 Jan 18 20:00  -11  13  -11  -15  81  6  320  12.78  0  0  173  211  -38
2025 Jan 18 19:00  -9  14  -9  -14  82  7  320  12.77  0  0  194  218  -24
2025 Jan 18 18:00  -8  15  -8  -13  81  6  315  12.76  0  0  186  218  -32
2025 Jan 18 17:00  -7  17  -7  -11  82  7  316  12.75  48  41  209  227  -11
2025 Jan 18 16:00  -6  17  -6  -10  81  7  320  12.74  171  141  214  233  11
2025 Jan 18 15:00  -5  18  -5  -9  82  8  319  12.70  302  241  208  236  33
2025 Jan 18 14:00  -4  19  -4  -8  81  8  319  12.68  332  250  189  234  37
2025 Jan 18 13:00  -4  19  -4  -8  82  8  324  12.66  459  336  182  237  68
2025 Jan 18 12:00  -3  19  -3  -7  83  8  326  12.64  349  283  212  240  38
2025 Jan 18 11:00  -3  19  -3  -6  83  6  325  12.62  254  211  217  240  20
2025 Jan 18 10:00  -3  19  -3  -7  84  5  327  12.61  152  128  224  238  10
2025 Jan 18 09:00  -3  19  -3  -7  84  5  329  12.60  70  59  222  235  -2
2025 Jan 18 08:00  -2  19  -2  -6  84  6  333  12.57  9  8  224  235  -10
2025 Jan 18 07:00  -1  19  -1  -5  85  4  331  12.54  0  0  227  237  -10
2025 Jan 18 06:00  -1  19  -1  -4  85  5  324  12.51  0  0  225  238  -13
2025 Jan 18 05:00  0  19  0  -3  85  4  327  12.47  0  0  228  240  -12
2025 Jan 18 04:00  1  19  1  -2  85  5  327  12.44  0  0  233  243  -10
2025 Jan 18 03:00  2  19  2  -1  86  5  337  12.41  0  0  236  246  -10
2025 Jan 18 02:00  5  19  5  2  87  5  332  12.37  0  0  242  252  -10
2025 Jan 18 01:00  9  19  9  6  88  3  290  12.33  0  0  252  259  -7
2025 Jan 18 00:00  10  19  10  6  87  4  298  12.29  0  0  251  260  -9
2025 Jan 17 23:00  10  19  10  8  88  4  303  12.28  0  0  252  262  -10
2025 Jan 17 22:00  12  19  11  9  89  3  310  12.25  0  0  257  265  -8
2025 Jan 17 21:00  12  19  11  9  88  2  292  12.22  0  0  261  267  -6
2025 Jan 17 20:00  13  19  11  9  84  4  300  12.20  0  0  258  267  -9
2025 Jan 17 19:00  14  20  11  8  77  3  277  12.20  0  0  257  267  -10
2025 Jan 17 18:00  15  23  11  6  67  2  291  12.20  0  0  255  267  -12
2025 Jan 17 17:00  17  27  11  5  60  2  270  12.20  26  22  253  268  -11
2025 Jan 17 16:00  17  27  11  4  55  4  316  12.20  134  102  246  272  6
2025 Jan 17 15:00  18  33  11  4  55  6  322  12.20  242  177  226  272  19
2025 Jan 17 14:00  19  33  11  7  59  7  334  12.20  532  369  255  288  130
2025 Jan 17 13:00  18  33  11  8  65  7  331  12.20  405  294  245  281  75
2025 Jan 17 12:00  18  33  11  7  64  6  328  12.20  279  221  267  279  46
2025 Jan 17 11:00  17  33  11  2  53  5  332  12.20  276  211  262  274  53
2025 Jan 17 10:00  15  33  11  -3  46  1  312  12.20  152  120  261  262  31
2025 Jan 17 09:00  11  33  11  -6  46  2  170  12.20  50  41  175  223  -39
2025 Jan 17 08:00  11  33  11  -7  44  3  171  12.20  5  6  162  218  -57
2025 Jan 17 07:00  12  33  12  -8  39  3  152  12.20  0  0  160  218  -58
2025 Jan 17 06:00  14  33  14  -10  34  2  178  12.20  0  0  157  218  -61
2025 Jan 17 05:00  14  33  14  -11  32  3  169  12.20  0  0  156  217  -61
2025 Jan 17 04:00  14  33  14  -9  35  2  168  12.20  0  0  156  217  -61
2025 Jan 17 03:00  16  33  15  -9  33  3  189  12.20  0  0  159  221  -62
2025 Jan 17 02:00  19  33  15  -11  26  3  189  12.20  0  0  160  226  -66
2025 Jan 17 01:00  15  33  15  -8  35  3  166  12.20  0  0  158  221  -63
2025 Jan 17 00:00  17  33  17  -6  35  3  168  12.20  0  0  159  223  -64
2025 Jan 16 23:00  18  33  18  -4  38  3  173  12.20  0  0  162  229  -67
2025 Jan 16 22:00  19  33  19  3  49  4  192  12.20  0  0  166  233  -67
2025 Jan 16 21:00  19  33  19  6  57  3  184  12.20  0  0  168  234  -66
2025 Jan 16 20:00  19  33  19  8  63  3  176  12.20  0  0  171  236  -65
2025 Jan 16 19:00  20  33  20  9  63  2  178  12.20  0  0  174  238  -64
2025 Jan 16 18:00  23  33  20  11  60  1  200  12.20  0  0  179  242  -63
2025 Jan 16 17:00  27  33  20  12  53  1  207  12.20  15  17  187  248  -63
2025 Jan 16 15:00  33  33  20  12  40  2  278  12.20  409  237  196  287  81
2025 Jan 16 14:00  33  33  20  13  43  3  277  12.20  523  322  199  294  106
2025 Jan 16 13:00  33  33  20  14  44  2  252  12.20  576  366  202  297  115
2025 Jan 16 12:00  33  33  15  14  47  2  258  12.20  564  366  201  293  106
2025 Jan 16 11:00  31  31  13  13  48  2  182  12.20  488  321  196  284  79
2025 Jan 16 10:00  27  27  9  12  53  3  142  12.20  356  236  190  268  42
2025 Jan 16 09:00  24  25  4  10  55  3  171  12.20  26  23  186  249  -60
2025 Jan 16 08:00  25  25  2  11  57  3  182  12.20  5  6  187  253  -67
2025 Jan 16 07:00  24  24  1  12  59  4  186  12.20  0  0  187  252  -65
2025 Jan 16 06:00  24  24  0  12  62  4  188  12.20  0  0  187  253  -66
2025 Jan 16 05:00  23  23  0  13  64  4  191  12.20  0  0  187  250  -63
2025 Jan 16 04:00  23  23  0  12  65  3  187  12.20  0  0  187  250  -63
2025 Jan 16 03:00  22  23  0  13  66  3  192  12.20  0  0  187  249  -62
2025 Jan 16 02:00  23  23  0  13  66  4  188  12.20  0  0  188  250  -62
2025 Jan 16 01:00  22  23  0  14  70  3  182  12.20  0  0  188  249  -61
2025 Jan 16 00:00  21  23  0  15  75  3  170  12.20  0  0  187  248  -61
2025 Jan 15 23:00  21  23  0  14  76  3  163  12.20  0  0  186  247  -61
2025 Jan 15 22:00  21  23  0  15  78  3  173  12.20  0  0  186  245  -59
2025 Jan 15 21:00  21  23  0  14  76  3  168  12.19  0  0  186  244  -58
2025 Jan 15 20:00  21  23  0  14  73  3  165  12.20  0  0  187  246  -59
2025 Jan 15 19:00  20  23  0  13  75  2  171  12.20  0  0  185  241  -56
2025 Jan 15 18:00  20  23  0  14  75  2  183  12.20  0  0  184  243  -59
2025 Jan 15 17:00  22  23  0  14  70  3  191  12.20  16  17  186  248  -63
2025 Jan 15 16:00  22  23  0  12  64  3  190  12.20  161  91  188  255  3
2025 Jan 15 15:00  23  23  0  11  60  1  190  12.20  401  236  191  268  88
2025 Jan 15 14:00  23  23  0  10  58  1  176  12.20  515  322  192  273  112
2025 Jan 15 13:00  20  20  0  8  60  2  161  12.20  572  370  190  272  120
2025 Jan 15 12:00  15  15  0  5  62  2  214  12.20  626  373  183  265  171
2025 Jan 15 11:00  13  13  0  2  62  4  340  12.20  593  330  180  255  188
2025 Jan 15 10:00  9  9  -1  -1  65  3  355  12.20  486  243  174  239  178
2025 Jan 15 09:00  4  6  -2  -3  74  2  104  12.20  29  23  164  214  -44
2025 Jan 15 08:00  2  6  -2  -4  79  2  158  12.20  5  6  156  208  -53
2025 Jan 15 07:00  1  6  -3  -3  83  1  243  12.20  0  0  150  203  -53
2025 Jan 15 06:00  0  6  -4  -3  86  1  294  12.20  0  0  147  203  -56
2025 Jan 15 05:00  1  6  -4  -3  87  2  351  12.20  0  0  145  204  -59
2025 Jan 15 04:00  0  6  -4  -3  86  2  180  12.20  0  0  145  202  -57
2025 Jan 15 03:00  1  6  -4  -3  85  2  353  12.20  0  0  144  204  -60
2025 Jan 15 02:00  1  6  -4  -2  85  2  343  12.20  0  0  145  205  -60
2025 Jan 15 01:00  0  6  -4  -3  87  2  333  12.20  0  0  151  208  -57
2025 Jan 15 00:00  1  6  -4  -2  87  1  306  12.20  0  0  163  214  -51
2025 Jan 14 23:00  2  6  -4  -1  86  1  320  12.20  0  0  205  230  -25
2025 Jan 14 22:00  1  6  -4  -2  86  1  174  12.20  0  0  179  219  -40
2025 Jan 14 21:00  3  6  -4  -1  83  2  326  12.20  0  0  213  237  -24
2025 Jan 14 20:00  3  6  -4  -1  85  4  323  12.20  0  0  206  236  -30
2025 Jan 14 19:00  4  6  -4  0  86  5  315  12.20  0  0  228  244  -16
2025 Jan 14 18:00  4  6  -4  0  87  4  326  12.19  0  0  220  240  -20
2025 Jan 14 17:00  5  6  -4  1  83  4  310  12.19  46  38  204  241  -29
2025 Jan 14 16:00  5  6  -4  1  81  4  308  12.19  118  97  215  247  -11
2025 Jan 14 15:00  6  6  -4  1  78  4  301  12.19  454  257  190  250  137
2025 Jan 14 14:00  6  6  -4  1  79  5  301  12.19  395  291  220  256  68
2025 Jan 14 13:00  6  7  -4  1  78  4  315  12.19  365  288  219  256  40
2025 Jan 14 12:00  5  7  -4  -1  80  2  153  12.19  541  393  167  242  73
2025 Jan 14 11:00  2  7  -4  -2  86  1  188  12.19  328  275  190  240  3
2025 Jan 14 10:00  -1  7  -4  -4  86  1  190  12.19  169  147  202  229  -5
2025 Jan 14 09:00  -2  7  -4  -6  85  1  231  12.19  69  59  176  216  -30
2025 Jan 14 08:00  -2  7  -4  -5  85  3  326  12.18  9  9  203  226  -23
2025 Jan 14 07:00  -3  7  -4  -6  86  2  314  12.18  0  0  207  221  -14
2025 Jan 14 06:00  -4  7  -4  -8  85  2  178  12.18  0  0  164  202  -38
2025 Jan 14 05:00  -4  7  -4  -7  85  1  178  12.18  0  0  149  198  -49
2025 Jan 14 04:00  -4  7  -4  -7  86  1  195  12.18  0  0  158  202  -44
2025 Jan 14 03:00  -3  7  -4  -6  86  1  169  12.18  0  0  153  200  -47
2025 Jan 14 02:00  -3  7  -4  -7  85  1  183  12.18  0  0  156  200  -44
2025 Jan 14 01:00  -2  7  -4  -6  86  1  332  12.18  0  0  174  209  -35
2025 Jan 14 00:00  -4  7  -4  -7  85  1  192  12.18  0  0  154  197  -43
2025 Jan 13 23:00  -3  7  -4  -6  85  1  207  12.18  0  0  157  195  -38
2025 Jan 13 22:00  -2  7  -4  -5  87  1  251  12.18  0  0  177  203  -26
2025 Jan 13 21:00  -2  7  -4  -5  87  1  169  12.18  0  0  174  202  -28
2025 Jan 13 20:00  -2  7  -4  -5  86  1  256  12.18  0  0  170  200  -30
2025 Jan 13 19:00  -1  7  -4  -5  85  1  224  12.18  0  0  165  198  -33
2025 Jan 13 18:00  0  7  -4  -4  82  1  207  12.18  0  0  156  202  -46
2025 Jan 13 17:00  2  7  -4  -2  83  3  296  12.18  32  28  160  220  -56
2025 Jan 13 16:00  4  8  -4  -2  78  5  318  12.18  128  86  160  229  -27
2025 Jan 13 15:00  4  8  -4  0  82  7  326  12.18  282  192  182  244  28
2025 Jan 13 14:00  5  8  -4  1  82  7  324  12.16  405  299  221  257  70
2025 Jan 13 13:00  7  8  -4  0  73  4  285  12.16  593  404  207  261  135
2025 Jan 13 12:00  6  8  -4  -1  72  4  270  12.16  669  395  171  250  195
2025 Jan 13 11:00  5  8  -4  -2  73  2  237  12.16  652  337  159  238  236
2025 Jan 13 10:00  3  8  -4  -4  76  4  183  12.16  543  243  147  224  223
2025 Jan 13 09:00  -1  8  -4  -6  79  2  186  12.16  26  24  140  199  -57
2025 Jan 13 08:00  -1  8  -4  -6  79  3  169  12.17  5  6  140  202  -63
2025 Jan 13 07:00  -2  8  -4  -6  80  3  183  12.17  0  0  140  202  -62
2025 Jan 13 06:00  -1  8  -4  -5  82  3  184  12.17  0  0  140  200  -60
2025 Jan 13 05:00  -3  8  -4  -6  85  3  182  12.17  0  0  139  199  -60
2025 Jan 13 04:00  -3  8  -4  -6  86  3  176  12.17  0  0  139  199  -60
2025 Jan 13 03:00  -4  8  -4  -7  86  3  158  12.17  0  0  139  200  -61
2025 Jan 13 02:00  0  8  -2  -4  85  2  173  12.18  0  0  180  216  -36
2025 Jan 13 01:00  0  8  -2  -4  86  2  189  12.18  0  0  205  222  -17
2025 Jan 13 00:00  -2  8  -2  -6  84  3  156  12.19  0  0  146  202  -56
2025 Jan 12 23:00  -2  8  -2  -6  82  3  163  12.19  0  0  142  199  -57
2025 Jan 12 22:00  -1  8  -1  -6  81  3  171  12.20  0  0  143  201  -58
2025 Jan 12 21:00  -1  8  -1  -4  84  3  174  12.20  0  0  144  202  -58
2025 Jan 12 20:00  0  8  -1  -4  85  3  172  12.20  0  0  146  204  -58
2025 Jan 12 19:00  1  8  -1  -2  85  2  170  12.21  0  0  162  213  -51
2025 Jan 12 18:00  2  8  -1  -1  85  1  183  12.22  0  0  176  218  -42
2025 Jan 12 17:00  5  8  -1  1  83  2  246  12.22  47  36  173  228  -44
2025 Jan 12 16:00  8  8  -1  4  81  3  308  12.23  332  230  221  259  64
2025 Jan 12 15:00  8  8  -1  4  83  2  292  12.24  510  332  216  262  132
2025 Jan 12 14:00  6  8  -1  3  86  2  335  12.24  263  189  206  244  36
2025 Jan 12 13:00  6  8  -1  2  86  2  351  12.25  466  312  203  251  106
2025 Jan 12 12:00  4  9  -1  0  86  2  170  12.25  273  185  182  233  37
2025 Jan 12 11:00  4  10  -1  1  86  2  126  12.26  585  355  174  245  159
2025 Jan 12 10:00  3  10  -1  -1  87  1  123  12.26  272  233  190  239  -10
2025 Jan 12 09:00  0  10  -1  -3  86  1  137  12.27  110  89  192  228  -15
2025 Jan 12 08:00  0  11  -1  -3  86  1  84  12.27  10  9  217  234  -16
2025 Jan 12 07:00  -1  12  -1  -4  86  1  120  12.28  0  0  207  229  -22
2025 Jan 12 06:00  -1  12  -1  -4  86  2  73  12.28  0  0  215  234  -19
2025 Jan 12 05:00  0  13  0  -3  86  1  37  12.29  0  0  224  234  -10
2025 Jan 12 04:00  1  13  1  -3  86  1  288  12.30  0  0  211  232  -21
2025 Jan 12 03:00  1  14  1  -2  87  1  320  12.30  0  0  221  236  -15
2025 Jan 12 02:00  1  19  1  -2  86  1  205  12.31  0  0  208  229  -21
2025 Jan 12 01:00  3  21  1  -1  87  2  320  12.31  0  0  219  238  -19
2025 Jan 12 00:00  1  21  1  -2  87  1  221  12.31  0  0  216  232  -16
2025 Jan 11 23:00  2  21  2  -1  87  1  329  12.31  0  0  191  225  -34
2025 Jan 11 22:00  2  21  2  -1  87  1  188  12.31  0  0  204  229  -25
2025 Jan 11 21:00  3  21  3  0  87  2  335  12.31  0  0  204  234  -30
2025 Jan 11 20:00  4  21  4  1  88  5  337  12.31  0  0  207  240  -33
2025 Jan 11 19:00  5  21  5  2  88  6  332  12.31  0  0  209  241  -32
2025 Jan 11 18:00  6  21  6  3  88  5  322  12.31  0  0  223  247  -24
2025 Jan 11 17:00  6  21  6  3  88  5  320  12.30  36  30  233  250  -11
2025 Jan 11 16:00  6  21  6  3  88  7  324  12.27  102  87  232  253  -6
2025 Jan 11 15:00  7  21  7  4  88  6  319  12.23  228  176  221  255  18
2025 Jan 11 14:00  8  21  8  5  88  8  319  12.19  174  151  252  260  15
2025 Jan 11 13:00  8  21  8  6  89  6  331  12.15  231  199  253  264  21
2025 Jan 11 12:00  9  21  6  7  88  5  318  12.12  198  201  254  266  -15
2025 Jan 11 11:00  10  21  5  7  89  4  340  12.11  103  165  256  266  -72
2025 Jan 11 10:00  10  21  1  7  89  5  327  12.09  79  128  251  264  -62
2025 Jan 11 09:00  10  21  -4  8  90  5  324  12.07  38  62  255  264  -33
2025 Jan 11 08:00  11  21  -6  9  90  5  327  12.03  4  7  261  265  -7
2025 Jan 11 07:00  12  21  -6  9  91  3  331  11.98  0  0  273  266  7
2025 Jan 11 06:00  12  21  -6  10  90  0  331  11.93  0  0  278  267  11
2025 Jan 11 05:00  13  21  -6  11  91  2  318  11.88  0  0  276  269  7
2025 Jan 11 04:00  13  21  -6  11  91  1  306  11.80  0  0  274  270  4
2025 Jan 11 03:00  14  21  -6  12  91  2  284  11.74  0  0  267  272  -5
2025 Jan 11 02:00  19  21  -6  15  85  4  284  11.66  0  0  274  278  -4
2025 Jan 11 01:00  21  21  -6  18  86  3  185  11.63  0  0  257  276  -19
2025 Jan 11 00:00  21  21  -6  18  89  1  200  11.63  0  0  279  282  -3
