2025 Mar 10 23:00    22   29   18    1  40  16 233  23     0
2025 Mar 10 22:00    22   29   18    1  40  17 253  22     0
2025 Mar 10 21:00    23   29   18    0  35  18 244  25     0
2025 Mar 10 20:00    25   29   18   -2  31  15 269  21     2
2025 Mar 10 19:00    27   29   18   -1  31  15 279  26   112
2025 Mar 10 18:00    28   29   18   -1  29  17 271  29   320
2025 Mar 10 17:00    29   29   18   -2  26  16 262  28   525
2025 Mar 10 16:00    29   29   18   -3  24  20 264  32   687
2025 Mar 10 15:00    29   29   18   -6  22  18 269  32   792
2025 Mar 10 14:00    29   29   18   -7  21  18 266  32   835
2025 Mar 10 13:00    28   28   18   -7  22  19 262  32   812
2025 Mar 10 12:00    25   27   18   -7  24  20 246  32   729
2025 Mar 10 11:00    23   27   18   -7  26  23 248  35   591
2025 Mar 10 10:00    20   27   18   -8  28  24 244  32   409
2025 Mar 10 09:00    18   27   17   -8  31  24 251  32   196
2025 Mar 10 08:00    18   27   16   -6  35  24 245  30    12
2025 Mar 10 07:00    18   27   16   -5  35  25 238  38     0
2025 Mar 10 06:00    19   27   16   -5  34  22 245  30     0
2025 Mar 10 05:00    19   27   14   -5  34  21 232  30     0
2025 Mar 10 04:00    21   27   12   -5  32  20 241  31     0
2025 Mar 10 03:00    20   27   11   -2  38  20 244  25     0
2025 Mar 10 02:00    21   27   11   -2  36  19 262  25     0
2025 Mar 10 01:00    22   27   11   -2  34  19 258  28     0
2025 Mar 10 00:00    23   27   10   -1  34  19 241  25     0